日期,股票代码,开盘,收盘,最高,最低,成交量,成交额,振幅,涨跌幅,涨跌额,换手率
2016-06-28,603909,5.5,5.5,5.5,5.5,112,170128.0,0.0,49.46,1.82,0.04
2016-06-29,603909,6.1,6.1,6.1,6.1,113,188723.0,0.0,10.91,0.6,0.05
2016-06-30,603909,6.75,6.75,6.75,6.75,38,69844.0,0.0,10.66,0.65,0.02
2016-07-01,603909,7.47,7.47,7.47,7.47,127,257542.0,0.0,10.67,0.72,0.05
2016-07-04,603909,8.27,8.27,8.27,8.27,93,206899.0,0.0,10.71,0.8,0.04
2016-07-05,603909,9.14,9.14,9.14,9.14,72,175916.0,0.0,10.52,0.87,0.03
2016-07-06,603909,10.1,10.1,10.1,10.1,111,298701.0,0.0,10.5,0.96,0.04
2016-07-07,603909,11.15,11.15,11.15,11.15,67,198320.0,0.0,10.4,1.05,0.03
2016-07-08,603909,12.32,12.32,12.32,12.32,261,849816.0,0.0,10.49,1.17,0.1
2016-07-11,603909,13.6,13.6,13.6,13.6,303,1086027.0,0.0,10.39,1.28,0.12
2016-07-12,603909,15.0,15.0,15.0,15.0,564,2222081.0,0.0,10.29,1.4,0.23
2016-07-13,603909,16.55,16.55,16.55,16.55,258,1117392.0,0.0,10.33,1.55,0.1
2016-07-14,603909,18.25,18.25,18.25,18.25,246,1173683.0,0.0,10.27,1.7,0.1
2016-07-15,603909,20.12,20.12,20.12,20.12,837,4391798.0,0.0,10.25,1.87,0.33
2016-07-18,603909,22.18,22.18,22.18,22.18,1507,8692376.0,0.0,10.24,2.06,0.6
2016-07-19,603909,24.44,24.44,24.44,24.44,1197,7596424.0,0.0,10.19,2.26,0.48
2016-07-20,603909,26.93,26.93,26.93,26.93,1059,7391262.0,0.0,10.19,2.49,0.42
2016-07-21,603909,29.67,29.67,29.67,29.67,981,7532118.0,0.0,10.17,2.74,0.39
2016-07-22,603909,32.69,26.66,32.69,26.66,146693,1064571712.0,20.32,-10.14,-3.01,58.68
2016-07-25,603909,25.28,24.18,25.35,23.95,101442,645697136.0,5.25,-9.3,-2.48,40.58
2016-07-26,603909,23.94,24.76,25.56,23.83,79891,515545792.0,7.15,2.4,0.58,31.96
2016-07-27,603909,24.46,23.22,24.46,22.38,81781,497775184.0,8.4,-6.22,-1.54,32.71
2016-07-28,603909,22.69,22.87,23.43,22.15,46730,276534352.0,5.51,-1.51,-0.35,18.69
2016-07-29,603909,22.81,23.22,23.85,22.81,59189,358992272.0,4.55,1.53,0.35,23.68
2016-08-01,603909,22.83,21.07,22.89,20.88,46739,261583564.0,8.66,-9.26,-2.15,18.7
2016-08-02,603909,21.12,21.3,21.48,20.81,32671,179808548.0,3.18,1.09,0.23,13.07
2016-08-03,603909,21.12,23.07,23.47,21.06,65986,382102032.0,11.31,8.31,1.77,26.39
2016-08-04,603909,22.69,22.88,23.47,22.48,51790,308307584.0,4.29,-0.82,-0.19,20.72
2016-08-05,603909,22.62,21.87,22.86,21.74,41512,240113251.0,4.9,-4.41,-1.01,16.6
2016-08-08,603909,21.52,22.03,22.11,20.89,35202,195940227.0,5.58,0.73,0.16,14.08
2016-08-09,603909,21.74,22.52,22.76,21.74,44263,257427907.0,4.63,2.22,0.49,17.71
2016-08-10,603909,22.42,23.67,24.46,22.33,74789,458836320.0,9.46,5.11,1.15,29.92
2016-08-11,603909,23.18,25.08,25.91,23.01,96311,614169776.0,12.25,5.96,1.41,38.52
2016-08-12,603909,24.48,25.23,25.69,24.48,76108,496679344.0,4.82,0.6,0.15,30.44
2016-08-15,603909,25.48,26.25,26.61,25.0,87394,582477136.0,6.38,4.04,1.02,34.96
2016-08-16,603909,26.14,25.53,26.41,25.45,61568,413827280.0,3.66,-2.74,-0.72,24.63
2016-08-17,603909,25.53,25.24,25.53,24.66,53216,346739664.0,3.41,-1.14,-0.29,21.29
2016-08-18,603909,25.17,25.45,25.83,24.82,51487,339070208.0,4.0,0.83,0.21,20.59
2016-08-19,603909,25.32,24.65,25.58,24.56,38151,247421181.0,4.01,-3.14,-0.8,15.26
2016-08-22,603909,24.42,23.2,24.75,23.09,36658,226104512.0,6.73,-5.88,-1.45,14.66
2016-08-23,603909,23.2,23.7,24.07,23.2,30145,185677103.0,3.75,2.16,0.5,12.06
2016-08-24,603909,23.64,23.45,23.87,23.32,20008,122209291.0,2.32,-1.05,-0.25,8.0
2016-08-25,603909,23.24,23.3,23.32,22.3,30773,182744382.0,4.35,-0.64,-0.15,12.31
2016-08-26,603909,23.09,22.92,23.56,22.9,20423,123195083.0,2.83,-1.63,-0.38,8.17
2016-08-29,603909,22.69,22.8,23.18,22.69,12056,71821388.0,2.14,-0.52,-0.12,4.82
2016-08-30,603909,22.83,22.93,23.12,22.81,12582,75065153.0,1.36,0.57,0.13,5.03
2016-08-31,603909,23.0,23.39,23.48,22.31,29447,175984571.0,5.1,2.01,0.46,11.78
2016-09-01,603909,23.32,23.24,23.6,23.14,25001,151927894.0,1.97,-0.64,-0.15,10.0
2016-09-02,603909,22.93,22.47,23.05,22.43,23084,136319215.0,2.67,-3.31,-0.77,9.23
2016-09-05,603909,22.47,21.92,22.65,21.87,22874,132109707.0,3.47,-2.45,-0.55,9.15
2016-09-06,603909,21.93,22.28,22.3,21.52,18341,104416688.0,3.56,1.64,0.36,7.34
2016-09-07,603909,22.26,21.57,22.44,21.52,18671,106919676.0,4.13,-3.19,-0.71,7.47
2016-09-08,603909,21.68,21.44,21.68,21.28,15899,88992940.0,1.85,-0.6,-0.13,6.36
2016-09-09,603909,21.51,21.37,21.59,21.35,12033,67204838.0,1.12,-0.33,-0.07,4.81
2016-09-12,603909,20.73,20.54,21.12,20.47,15824,85315032.0,3.04,-3.88,-0.83,6.33
2016-09-13,603909,20.72,20.72,20.79,20.55,10339,55635910.0,1.17,0.88,0.18,4.14
2016-09-14,603909,20.65,20.64,20.91,20.46,10237,55251018.0,2.17,-0.39,-0.08,4.09
2016-09-19,603909,20.77,21.15,21.23,20.77,13742,75086750.0,2.23,2.47,0.51,5.5
2016-09-20,603909,21.15,20.76,21.15,20.73,10353,56381670.0,1.99,-1.84,-0.39,4.14
2016-09-21,603909,20.68,20.82,21.09,20.67,10531,57346792.0,2.02,0.29,0.06,4.21
2016-09-22,603909,21.05,20.88,21.08,20.85,9952,54288476.0,1.1,0.29,0.06,3.98
2016-09-23,603909,20.85,20.03,20.94,19.95,18858,100146468.0,4.74,-4.07,-0.85,7.54
2016-09-26,603909,19.8,18.63,19.87,18.63,21032,105007506.0,6.19,-6.99,-1.4,8.41
2016-09-27,603909,18.4,19.0,19.02,18.4,12412,60767705.0,3.33,1.99,0.37,4.96
2016-09-28,603909,18.93,18.8,18.99,18.64,8133,39926546.0,1.84,-1.05,-0.2,3.25
2016-09-29,603909,18.86,18.98,19.15,18.78,9634,47646098.0,1.97,0.96,0.18,3.85
2016-09-30,603909,18.81,18.97,19.04,18.81,5763,28497990.0,1.21,-0.05,-0.01,2.31
2016-10-10,603909,19.18,20.4,20.55,19.1,19943,102878697.0,7.64,7.54,1.43,7.98
2016-10-11,603909,20.51,20.62,20.73,20.06,15954,84564540.0,3.28,1.08,0.22,6.38
2016-10-12,603909,20.66,20.73,20.9,20.42,11894,63841971.0,2.33,0.53,0.11,4.76
2016-10-13,603909,20.9,20.43,21.02,20.42,12468,67102818.0,2.89,-1.45,-0.3,4.99
2016-10-14,603909,20.7,20.34,20.7,20.29,9541,50739101.0,2.01,-0.44,-0.09,3.82
2016-10-17,603909,20.46,19.79,20.47,19.64,16978,88670385.0,4.08,-2.7,-0.55,6.79
2016-10-18,603909,20.02,20.22,20.25,19.66,14370,75040140.0,2.98,2.17,0.43,5.75
2016-10-19,603909,20.22,22.04,22.27,20.12,50106,275586128.0,10.63,9.0,1.82,20.04
2016-10-20,603909,21.72,22.84,23.17,21.65,70117,409839216.0,6.9,3.63,0.8,28.05
2016-10-21,603909,22.7,22.67,23.23,22.47,33911,200340661.0,3.33,-0.74,-0.17,13.56
2016-10-24,603909,22.7,22.81,22.9,22.27,24953,147136910.0,2.78,0.62,0.14,9.98
2016-10-25,603909,22.82,21.84,24.22,21.8,61862,371141472.0,10.61,-4.25,-0.97,24.74
2016-10-26,603909,21.99,22.03,22.9,21.29,59709,342591296.0,7.37,0.87,0.19,23.88
2016-10-27,603909,21.81,21.95,22.3,21.48,27068,153571103.0,3.72,-0.36,-0.08,10.83
2016-10-28,603909,22.03,21.85,22.07,21.53,24998,141901809.0,2.46,-0.46,-0.1,10.0
2016-10-31,603909,21.8,21.36,21.8,21.35,16202,90555141.0,2.06,-2.24,-0.49,6.48
2016-11-01,603909,21.27,22.46,22.52,21.27,27519,157260366.0,5.85,5.15,1.1,11.01
2016-11-02,603909,22.27,22.09,22.46,22.06,18576,107280123.0,1.78,-1.65,-0.37,7.43
2016-11-03,603909,21.97,22.17,23.09,21.97,29396,172338986.0,5.07,0.36,0.08,11.76
2016-11-04,603909,21.97,23.06,23.19,21.96,39196,231490167.0,5.55,4.01,0.89,15.68
2016-11-07,603909,23.07,22.83,23.4,22.69,29412,175477705.0,3.08,-1.0,-0.23,11.76
2016-11-08,603909,22.86,23.25,23.48,22.71,29131,174772299.0,3.37,1.84,0.42,11.65
2016-11-09,603909,23.11,24.28,24.83,22.66,55496,341086896.0,9.33,4.43,1.03,22.2
2016-11-10,603909,24.38,25.16,25.68,24.15,54293,352658448.0,6.3,3.62,0.88,21.72
2016-11-11,603909,24.91,24.37,25.14,24.07,38177,243374770.0,4.25,-3.14,-0.79,15.27
2016-11-14,603909,24.33,25.81,25.85,23.89,48773,315203360.0,8.04,5.91,1.44,19.51
2016-11-15,603909,25.84,25.43,25.86,24.93,31112,205766092.0,3.6,-1.47,-0.38,12.44
2016-11-16,603909,25.57,24.62,25.6,24.38,22193,142382264.0,4.8,-3.19,-0.81,8.88
2016-11-17,603909,24.39,24.56,24.89,23.89,17073,108070189.0,4.06,-0.24,-0.06,6.83
2016-11-18,603909,24.62,24.79,25.26,24.56,20042,129760653.0,2.85,0.94,0.23,8.02
2016-11-21,603909,24.84,24.66,24.86,24.11,18351,116542557.0,3.03,-0.52,-0.13,7.34
2016-11-22,603909,24.72,24.78,25.4,24.54,22160,143440299.0,3.49,0.49,0.12,8.86
2016-11-23,603909,24.78,24.26,24.82,23.72,22805,143068446.0,4.44,-2.1,-0.52,9.12
2016-11-24,603909,23.95,23.85,24.2,23.73,11300,70315644.0,1.94,-1.69,-0.41,4.52
2016-11-25,603909,23.89,23.83,24.0,22.7,17918,108339434.0,5.45,-0.08,-0.02,7.17
2016-11-28,603909,23.8,23.34,23.8,23.21,9095,55354071.0,2.48,-2.06,-0.49,3.64
2016-11-29,603909,23.16,22.38,23.65,22.32,9984,59791171.0,5.7,-4.11,-0.96,3.99
2016-11-30,603909,22.37,22.69,23.09,21.99,14361,84388115.0,4.92,1.39,0.31,5.74
2016-12-01,603909,22.55,22.58,22.66,22.34,10834,63401446.0,1.41,-0.48,-0.11,4.33
2016-12-02,603909,22.42,21.73,22.88,21.53,12218,70262196.0,5.98,-3.76,-0.85,4.89
2016-12-05,603909,21.55,21.55,21.88,21.27,6193,34761015.0,2.81,-0.83,-0.18,2.48
2016-12-06,603909,21.59,21.45,21.79,21.34,7284,40858738.0,2.09,-0.46,-0.1,2.91
2016-12-07,603909,21.41,21.48,21.67,20.74,13393,73481251.0,4.34,0.14,0.03,5.36
2016-12-08,603909,21.41,20.84,21.48,20.82,10564,57982972.0,3.07,-2.98,-0.64,4.23
2016-12-09,603909,20.9,20.35,20.98,20.16,12438,66392148.0,3.93,-2.35,-0.49,4.98
2016-12-12,603909,20.31,18.87,20.45,18.78,15729,79856936.0,8.21,-7.27,-1.48,6.29
2016-12-13,603909,19.05,18.89,19.12,18.51,10424,51214736.0,3.23,0.11,0.02,4.17
2016-12-14,603909,18.89,19.21,19.75,18.54,17097,85696842.0,6.41,1.69,0.32,6.84
2016-12-15,603909,19.01,19.62,20.08,18.95,17078,87610930.0,5.88,2.13,0.41,6.83
2016-12-16,603909,19.25,19.86,19.94,19.25,11093,57266009.0,3.52,1.22,0.24,4.44
2016-12-19,603909,19.72,19.8,20.03,19.64,10222,52890245.0,1.96,-0.3,-0.06,4.09
2016-12-20,603909,19.76,19.94,20.05,19.69,7929,41086367.0,1.82,0.71,0.14,3.17
2016-12-21,603909,19.97,21.98,21.98,19.94,59761,334615856.0,10.23,10.23,2.04,23.9
2016-12-22,603909,22.23,21.58,22.55,21.3,47188,269474432.0,5.69,-1.82,-0.4,18.88
2016-12-23,603909,21.6,21.2,21.6,20.82,21354,117527580.0,3.61,-1.76,-0.38,8.54
2016-12-26,603909,20.55,21.3,21.84,20.55,26318,146181883.0,6.08,0.47,0.1,10.53
2016-12-27,603909,21.13,20.9,21.43,20.69,17718,96315316.0,3.47,-1.88,-0.4,7.09
2016-12-28,603909,20.74,20.49,20.78,18.77,23732,123925648.0,9.62,-1.96,-0.41,9.49
2016-12-29,603909,20.04,19.69,20.26,19.58,13277,68969921.0,3.32,-3.9,-0.8,5.31
2016-12-30,603909,19.56,19.0,19.92,18.83,13071,65963931.0,5.54,-3.5,-0.69,5.23
2017-01-03,603909,19.09,19.27,19.43,19.09,8240,41444638.0,1.79,1.42,0.27,3.3
2017-01-04,603909,19.28,19.76,19.96,19.28,11400,58564968.0,3.53,2.54,0.49,4.56
2017-01-05,603909,19.76,19.78,19.96,19.62,8094,41826542.0,1.72,0.1,0.02,3.24
2017-01-06,603909,19.78,19.77,20.15,19.05,19336,99380745.0,5.56,-0.05,-0.01,7.73
2017-01-09,603909,19.56,19.95,19.96,19.31,12598,65173508.0,3.29,0.91,0.18,5.04
2017-01-10,603909,19.84,19.95,20.13,19.56,13281,68834834.0,2.86,0.0,0.0,5.31
2017-01-11,603909,19.84,19.79,20.15,19.76,11083,57456899.0,1.95,-0.8,-0.16,4.43
2017-01-12,603909,19.78,19.65,19.95,19.18,14453,73563957.0,3.89,-0.71,-0.14,5.78
2017-01-13,603909,19.35,19.26,19.75,18.98,13088,66036200.0,3.92,-1.98,-0.39,5.24
2017-01-16,603909,19.17,17.6,19.25,17.29,21690,101653654.0,10.18,-8.62,-1.66,8.68
2017-01-17,603909,17.41,17.97,18.49,16.45,31443,144027343.0,11.59,2.1,0.37,12.58
2017-01-18,603909,17.7,17.8,18.07,17.01,13425,61978668.0,5.9,-0.95,-0.17,5.37
2017-01-19,603909,17.41,17.65,18.18,17.41,7602,35446519.0,4.33,-0.84,-0.15,3.04
2017-01-20,603909,17.49,18.38,18.56,17.49,36770,174889315.0,6.06,4.14,0.73,14.71
2017-01-23,603909,18.26,18.64,18.93,18.26,63767,307952960.0,3.65,1.41,0.26,25.51
2017-01-24,603909,18.47,17.83,18.97,17.76,25374,122345513.0,6.49,-4.35,-0.81,10.15
2017-01-25,603909,17.67,18.8,18.84,17.34,54507,264370997.0,8.41,5.44,0.97,21.8
2017-01-26,603909,18.74,18.7,18.97,18.54,14354,70040606.0,2.29,-0.53,-0.1,5.74
2017-02-03,603909,18.74,18.75,18.89,18.43,21030,102723387.0,2.46,0.27,0.05,8.41
2017-02-06,603909,18.76,18.78,18.98,18.6,33618,164735797.0,2.03,0.16,0.03,13.45
2017-02-07,603909,18.66,18.63,18.78,18.52,20620,100610188.0,1.38,-0.8,-0.15,8.25
2017-02-08,603909,18.61,18.64,18.75,18.25,17367,83923654.0,2.68,0.05,0.01,6.95
2017-02-09,603909,18.65,18.71,18.85,18.57,17336,84793149.0,1.5,0.38,0.07,6.93
2017-02-10,603909,18.66,17.97,18.78,17.96,17907,85798101.0,4.38,-3.96,-0.74,7.16
2017-02-13,603909,17.68,18.14,18.27,17.64,10006,47237466.0,3.51,0.95,0.17,4.0
2017-02-14,603909,18.03,17.93,18.27,17.92,8521,40157133.0,1.93,-1.16,-0.21,3.41
2017-02-15,603909,17.95,17.84,18.19,17.73,14177,66490606.0,2.57,-0.5,-0.09,5.67
2017-02-16,603909,17.81,17.5,17.81,17.46,14274,65614914.0,1.96,-1.91,-0.34,5.71
2017-02-17,603909,17.44,17.14,17.68,17.12,11814,53688850.0,3.2,-2.06,-0.36,4.73
2017-02-20,603909,17.01,16.87,17.28,16.73,10345,45746441.0,3.21,-1.58,-0.27,4.14
2017-02-21,603909,16.88,17.43,17.57,16.8,15424,69449146.0,4.56,3.32,0.56,6.17
2017-02-22,603909,17.25,17.24,17.49,17.17,10128,45766946.0,1.84,-1.09,-0.19,4.05
2017-02-23,603909,17.23,17.7,17.83,17.23,17489,80434796.0,3.48,2.67,0.46,7.0
2017-02-24,603909,17.8,17.76,17.81,17.55,11157,51597259.0,1.47,0.34,0.06,4.46
2017-02-27,603909,17.8,17.74,18.19,17.65,14620,68370464.0,3.04,-0.11,-0.02,5.85
2017-02-28,603909,17.7,17.57,17.85,17.41,10243,47125426.0,2.48,-0.96,-0.17,4.1
2017-03-01,603909,17.61,17.55,17.75,17.48,9112,41882466.0,1.54,-0.11,-0.02,3.64
2017-03-02,603909,17.55,17.51,17.69,17.38,8689,39802786.0,1.77,-0.23,-0.04,3.48
2017-03-03,603909,17.64,17.89,17.99,17.52,15184,70401405.0,2.68,2.17,0.38,6.07
2017-03-06,603909,17.95,18.4,18.58,17.89,19274,91928506.0,3.86,2.85,0.51,7.71
2017-03-07,603909,18.54,18.48,18.95,18.39,22439,109078301.0,3.04,0.43,0.08,8.98
2017-03-08,603909,18.36,18.27,18.53,18.13,14106,67274928.0,2.16,-1.14,-0.21,5.64
2017-03-09,603909,18.27,18.36,18.5,18.01,15836,75529076.0,2.68,0.49,0.09,6.33
2017-03-10,603909,18.31,18.2,18.7,18.07,26633,127346376.0,3.43,-0.87,-0.16,10.65
2017-03-13,603909,18.18,18.82,18.93,17.81,26189,126258893.0,6.15,3.41,0.62,10.48
2017-03-14,603909,18.83,18.71,18.97,18.59,20143,98681699.0,2.02,-0.58,-0.11,8.06
2017-03-15,603909,18.58,18.72,18.85,18.53,12502,61034787.0,1.71,0.05,0.01,5.0
2017-03-16,603909,18.71,19.16,19.36,18.71,22527,112193388.0,3.47,2.35,0.44,9.01
2017-03-17,603909,19.08,18.63,19.2,18.59,19802,97777246.0,3.18,-2.77,-0.53,7.92
2017-03-20,603909,18.63,18.79,18.81,18.4,12188,59077797.0,2.2,0.86,0.16,4.88
2017-03-21,603909,18.79,18.94,18.98,18.7,13183,64779341.0,1.49,0.8,0.15,5.27
2017-03-22,603909,18.86,19.56,19.78,18.62,36722,186301706.0,6.12,3.27,0.62,14.69
2017-03-23,603909,19.48,19.44,19.68,18.78,22937,115980994.0,4.6,-0.61,-0.12,9.17
2017-03-24,603909,19.34,19.54,19.92,19.34,19341,98889214.0,2.98,0.51,0.1,7.74
2017-03-27,603909,19.54,19.56,19.84,19.37,14419,73708579.0,2.41,0.1,0.02,5.77
2017-03-28,603909,19.56,19.16,19.76,19.14,13516,68190902.0,3.17,-2.04,-0.4,5.41
2017-03-29,603909,19.17,18.0,19.34,17.65,21917,105334395.0,8.82,-6.05,-1.16,8.77
2017-03-30,603909,17.79,17.61,18.26,17.48,16176,74626738.0,4.33,-2.17,-0.39,6.47
2017-03-31,603909,17.64,18.11,18.37,17.61,13976,66009314.0,4.32,2.84,0.5,5.59
2017-04-05,603909,17.86,19.16,19.44,17.86,18425,90957455.0,8.72,5.8,1.05,7.37
2017-04-06,603909,19.21,19.23,19.46,18.98,15099,75631197.0,2.51,0.37,0.07,6.04
2017-04-07,603909,18.79,18.3,19.14,18.25,20012,97522547.0,4.63,-4.84,-0.93,8.0
2017-04-10,603909,18.2,17.95,18.81,17.63,17997,85472125.0,6.45,-1.91,-0.35,7.2
2017-04-11,603909,17.97,17.95,18.14,17.21,12952,60240941.0,5.18,0.0,0.0,5.18
2017-04-12,603909,17.99,17.55,18.14,17.49,9412,43732080.0,3.62,-2.23,-0.4,3.76
2017-04-13,603909,17.56,17.59,17.78,17.44,8496,39104771.0,1.94,0.23,0.04,3.4
2017-04-14,603909,17.49,18.26,18.47,17.46,21646,101966039.0,5.74,3.81,0.67,8.66
2017-06-20,603909,16.39,16.39,16.39,16.39,838,3589154.0,0.0,-10.24,-1.87,0.34
2017-06-21,603909,14.71,15.6,16.4,14.71,72403,284184192.0,10.31,-4.82,-0.79,28.96
2017-06-22,603909,15.23,15.62,16.24,15.09,76896,315230112.0,7.37,0.13,0.02,30.76
2017-06-23,603909,15.6,15.66,15.96,14.41,54387,222974963.0,9.92,0.26,0.04,21.75
2017-06-26,603909,16.01,15.51,16.03,15.33,46371,189516871.0,4.47,-0.96,-0.15,18.55
2017-06-27,603909,15.46,15.09,15.58,15.04,30102,120410973.0,3.48,-2.71,-0.42,12.04
2017-06-28,603909,15.26,15.48,15.77,14.7,55363,223225333.0,7.09,2.58,0.39,22.15
2017-06-29,603909,15.62,15.48,16.11,15.3,36452,148213166.0,5.23,0.0,0.0,14.58
2017-06-30,603909,15.67,15.42,15.67,15.1,16236,65312453.0,3.68,-0.39,-0.06,6.49
2017-07-03,603909,15.46,15.51,15.62,15.3,14537,58642944.0,2.08,0.58,0.09,5.81
2017-07-04,603909,15.59,15.41,15.59,15.24,13609,54809153.0,2.26,-0.64,-0.1,5.44
2017-07-05,603909,15.82,15.57,16.01,15.52,34720,142528935.0,3.18,1.04,0.16,13.89
2017-07-06,603909,15.63,15.56,15.71,15.2,48642,197573484.0,3.28,-0.06,-0.01,19.46
2017-07-07,603909,15.36,15.58,15.69,15.28,39557,160795595.0,2.63,0.13,0.02,15.82
2017-07-10,603909,15.6,15.56,15.69,15.32,29787,121138365.0,2.37,-0.13,-0.02,11.91
2017-07-11,603909,15.6,15.29,15.6,15.28,18876,76033310.0,2.06,-1.74,-0.27,7.55
2017-07-12,603909,15.29,14.54,15.44,13.75,34305,129976370.0,11.05,-4.91,-0.75,13.72
2017-07-13,603909,14.5,14.48,14.69,14.26,19506,74131026.0,2.96,-0.41,-0.06,7.8
2017-07-14,603909,14.1,14.16,14.56,14.07,11219,42128126.0,3.38,-2.21,-0.32,4.49
2017-07-17,603909,14.1,12.7,14.19,12.7,29106,98429249.0,10.52,-10.31,-1.46,11.64
2017-07-18,603909,11.39,11.4,12.04,11.39,46817,141563517.0,5.12,-10.24,-1.3,18.73
2017-07-19,603909,11.17,11.03,11.31,10.67,24794,71819870.0,5.61,-3.25,-0.37,9.92
2017-07-20,603909,11.04,11.0,11.28,10.9,15601,45738543.0,3.45,-0.27,-0.03,6.24
2017-07-21,603909,11.0,10.6,11.06,10.58,16317,46520869.0,4.36,-3.64,-0.4,6.53
2017-07-24,603909,10.38,10.5,10.52,10.12,19341,52817010.0,3.77,-0.94,-0.1,7.74
2017-07-25,603909,10.52,10.51,10.7,10.18,13074,36370821.0,4.95,0.1,0.01,5.23
2017-07-26,603909,10.91,10.99,11.34,10.69,29728,86954809.0,6.18,4.57,0.48,11.89
2017-07-27,603909,10.85,11.04,11.15,10.71,19266,55703643.0,4.0,0.45,0.05,7.71
2017-07-28,603909,10.99,10.94,11.18,10.93,18097,53026597.0,2.26,-0.91,-0.1,7.24
2017-07-31,603909,10.85,10.8,10.94,10.75,9607,27489929.0,1.74,-1.28,-0.14,3.84
2017-08-01,603909,10.77,10.69,10.77,10.58,11340,32002856.0,1.76,-1.02,-0.11,4.54
2017-08-02,603909,10.71,10.3,10.71,10.26,12720,35440289.0,4.21,-3.65,-0.39,5.09
2017-08-03,603909,10.3,11.37,11.37,10.3,45036,132941123.0,10.39,10.39,1.07,18.01
2017-08-04,603909,11.44,10.96,11.47,10.89,36149,106367205.0,5.1,-3.61,-0.41,14.46
2017-08-07,603909,10.95,10.91,11.06,10.85,16292,47119820.0,1.92,-0.46,-0.05,6.52
2017-08-08,603909,10.96,10.8,11.07,10.75,16034,45997754.0,2.93,-1.01,-0.11,6.41
2017-08-09,603909,10.78,10.85,10.91,10.78,9517,27295724.0,1.2,0.46,0.05,3.81
2017-08-10,603909,10.88,10.58,10.88,10.45,14185,40108422.0,3.96,-2.49,-0.27,5.67
2017-08-11,603909,10.55,10.56,10.57,10.34,11824,32763704.0,2.17,-0.19,-0.02,4.73
2017-08-14,603909,10.45,10.69,10.81,10.45,7734,21886389.0,3.41,1.23,0.13,3.09
2017-08-15,603909,10.79,10.78,10.79,10.61,8121,22988975.0,1.68,0.84,0.09,3.25
2017-08-16,603909,10.82,11.09,11.15,10.64,16523,47931623.0,4.73,2.88,0.31,6.61
2017-08-17,603909,11.04,11.07,11.14,10.97,12047,35235117.0,1.53,-0.18,-0.02,4.82
2017-08-18,603909,11.04,11.45,11.55,10.96,27704,83329864.0,5.33,3.43,0.38,11.08
2017-08-21,603909,11.51,11.4,11.7,11.25,19320,58259135.0,3.93,-0.44,-0.05,7.73
2017-08-22,603909,11.43,12.58,12.58,11.41,50076,161470974.0,10.26,10.35,1.18,20.03
2017-08-23,603909,12.4,12.14,12.43,12.02,39271,126128226.0,3.26,-3.5,-0.44,15.71
2017-08-24,603909,12.03,11.73,12.2,11.61,26536,83128820.0,4.86,-3.38,-0.41,10.61
2017-08-25,603909,11.76,11.82,11.99,11.64,16107,50211078.0,2.98,0.77,0.09,6.44
2017-08-28,603909,11.82,12.23,12.26,11.79,20178,64163720.0,3.98,3.47,0.41,8.07
2017-08-29,603909,12.19,12.58,12.88,12.09,34646,114723354.0,6.46,2.86,0.35,13.86
2017-08-30,603909,12.52,12.3,12.53,12.2,17247,56079708.0,2.62,-2.23,-0.28,6.9
2017-08-31,603909,12.26,12.53,12.57,12.15,16102,52585149.0,3.41,1.87,0.23,6.44
2017-09-01,603909,12.53,12.47,12.53,12.37,9411,30826883.0,1.28,-0.48,-0.06,3.76
2017-09-04,603909,12.53,12.1,12.57,11.99,18804,60796041.0,4.65,-2.97,-0.37,7.52
2017-09-05,603909,12.04,12.23,12.3,11.88,12922,41171274.0,3.47,1.07,0.13,5.17
2017-09-06,603909,12.05,12.0,12.22,11.95,9596,30446059.0,2.21,-1.88,-0.23,3.84
2017-09-07,603909,12.09,12.35,12.85,12.05,25232,83182007.0,6.67,2.92,0.35,10.09
2017-09-08,603909,12.46,12.98,13.08,12.28,25706,85691917.0,6.48,5.1,0.63,10.28
2017-09-11,603909,13.01,13.09,13.24,12.74,25089,85692583.0,3.85,0.85,0.11,10.04
2017-09-12,603909,12.79,12.72,13.06,12.68,16447,55513970.0,2.9,-2.83,-0.37,6.58
2017-09-13,603909,12.85,13.06,13.1,12.73,14521,49468692.0,2.91,2.67,0.34,5.81
2017-09-14,603909,12.95,13.04,13.08,12.7,17058,57822852.0,2.91,-0.15,-0.02,6.82
2017-09-15,603909,13.08,12.91,13.31,12.73,11650,39917051.0,4.45,-1.0,-0.13,4.66
2017-09-18,603909,12.99,13.08,13.2,12.91,11488,39544894.0,2.25,1.32,0.17,4.6
2017-09-19,603909,13.19,13.01,13.19,12.88,11266,38635895.0,2.37,-0.54,-0.07,4.51
2017-09-20,603909,13.03,13.14,13.17,12.85,12795,43909773.0,2.46,1.0,0.13,5.12
2017-09-21,603909,13.02,13.1,13.3,13.01,11223,38894539.0,2.21,-0.3,-0.04,4.49
2017-09-22,603909,13.01,12.91,13.17,12.72,11585,39505069.0,3.44,-1.45,-0.19,4.63
2017-09-25,603909,12.91,13.06,13.1,12.83,8577,29305993.0,2.09,1.16,0.15,3.43
2017-09-26,603909,12.95,12.97,13.14,12.67,9964,33720117.0,3.6,-0.69,-0.09,3.99
2017-09-27,603909,12.88,12.92,13.04,12.78,5763,19606691.0,2.0,-0.39,-0.05,2.31
2017-09-28,603909,12.86,12.78,13.0,12.76,5376,18239790.0,1.86,-1.08,-0.14,2.15
2017-09-29,603909,12.76,13.32,13.8,12.73,20054,70483024.0,8.37,4.23,0.54,8.02
2017-10-09,603909,13.36,13.41,13.49,13.05,12659,44114072.0,3.3,0.68,0.09,5.06
2017-10-10,603909,13.3,13.4,13.41,13.3,8235,28889778.0,0.82,-0.07,-0.01,3.29
2017-10-11,603909,13.38,13.84,13.94,13.34,16023,57871947.0,4.48,3.28,0.44,6.41
2017-10-12,603909,13.74,13.81,13.94,13.42,8902,32092635.0,3.76,-0.22,-0.03,3.56
2017-10-13,603909,13.73,13.71,13.85,13.52,8830,31597657.0,2.39,-0.72,-0.1,3.53
2017-10-16,603909,13.76,13.63,14.06,13.36,10179,36684165.0,5.11,-0.58,-0.08,4.07
2017-10-17,603909,13.47,13.52,13.71,13.32,5655,20139343.0,2.86,-0.81,-0.11,2.26
2017-10-18,603909,13.53,13.38,13.62,13.19,8588,30179785.0,3.18,-1.04,-0.14,3.44
2017-10-19,603909,13.32,13.17,13.36,12.36,14404,48850488.0,7.47,-1.57,-0.21,5.76
2017-10-20,603909,12.94,13.43,13.63,12.8,7489,26067432.0,6.3,1.97,0.26,3.0
2017-10-23,603909,13.43,13.7,13.71,13.35,7270,26006815.0,2.68,2.01,0.27,2.91
2017-10-24,603909,13.7,13.7,13.81,13.46,4414,15757046.0,2.55,0.0,0.0,1.77
2017-10-25,603909,13.61,13.7,13.78,13.49,4427,15913320.0,2.12,0.0,0.0,1.77
2017-10-26,603909,13.63,13.59,13.71,13.48,4282,15249489.0,1.68,-0.8,-0.11,1.71
2017-10-27,603909,13.61,13.55,13.66,13.51,3291,11727879.0,1.1,-0.29,-0.04,1.32
2017-10-30,603909,13.47,12.97,13.55,12.93,6724,23308595.0,4.58,-4.28,-0.58,2.69
2017-10-31,603909,13.0,13.12,13.54,12.75,7402,25629462.0,6.09,1.16,0.15,2.96
2017-11-01,603909,12.96,13.41,13.63,12.96,10126,35355888.0,5.11,2.21,0.29,4.05
2017-11-02,603909,13.4,13.08,13.4,13.06,5733,19838223.0,2.54,-2.46,-0.33,2.29
2017-11-03,603909,13.19,12.99,13.19,12.73,4068,13813272.0,3.52,-0.69,-0.09,1.63
2017-11-06,603909,13.13,12.88,13.13,12.79,3591,12167398.0,2.62,-0.85,-0.11,1.44
2017-11-07,603909,12.95,12.95,13.03,12.67,3553,12054333.0,2.8,0.54,0.07,1.42
2017-11-08,603909,12.91,13.02,13.08,12.81,4738,16178402.0,2.08,0.54,0.07,1.9
2017-11-09,603909,13.06,13.0,13.23,12.97,2748,9441797.0,2.0,-0.15,-0.02,1.1
2017-11-10,603909,13.03,12.89,13.03,12.83,2502,8494671.0,1.54,-0.85,-0.11,1.0
2017-11-13,603909,12.92,12.87,13.08,12.81,2844,9636313.0,2.09,-0.16,-0.02,1.14
2017-11-14,603909,12.9,12.99,13.11,12.77,5288,18072500.0,2.64,0.93,0.12,2.12
2017-11-15,603909,12.86,13.07,13.14,12.86,4701,16042228.0,2.16,0.62,0.08,1.88
2017-11-16,603909,13.1,12.83,13.11,12.82,2568,8776555.0,2.22,-1.84,-0.24,1.03
2017-11-17,603909,12.79,11.71,12.79,11.53,7630,24223797.0,9.82,-8.73,-1.12,3.05
2017-11-20,603909,11.44,11.93,12.06,11.41,3030,9403783.0,5.55,1.88,0.22,1.21
2017-11-21,603909,11.93,11.66,11.99,11.59,3106,9591882.0,3.35,-2.26,-0.27,1.24
2017-11-22,603909,11.87,11.6,11.87,11.36,4432,13444255.0,4.37,-0.51,-0.06,1.77
2017-11-23,603909,11.59,11.34,11.67,11.0,3689,11070438.0,5.78,-2.24,-0.26,1.48
2017-11-24,603909,11.34,11.18,11.34,11.06,2342,6901974.0,2.47,-1.41,-0.16,0.94
2017-11-27,603909,11.22,12.2,12.35,10.77,5196,15589219.0,14.13,9.12,1.02,2.08
2017-11-28,603909,11.75,12.4,12.67,11.71,7723,24952434.0,7.87,1.64,0.2,3.09
2017-11-29,603909,12.22,11.89,12.37,11.75,4014,12749166.0,5.0,-4.11,-0.51,1.61
2017-11-30,603909,12.02,12.23,12.53,12.02,5230,16911725.0,4.29,2.86,0.34,2.09
2017-12-01,603909,12.25,12.37,12.49,12.06,3256,10530264.0,3.52,1.14,0.14,1.3
2017-12-04,603909,12.24,12.08,12.37,12.05,2706,8650453.0,2.59,-2.34,-0.29,1.08
2017-12-05,603909,12.37,12.27,12.37,11.83,4015,12779007.0,4.47,1.57,0.19,1.61
2017-12-06,603909,12.31,12.18,12.31,12.0,1430,4568664.0,2.53,-0.73,-0.09,0.57
2017-12-07,603909,11.9,11.9,12.3,11.87,2110,6673589.0,3.53,-2.3,-0.28,0.84
2017-12-08,603909,12.14,12.04,12.15,11.88,1456,4608844.0,2.27,1.18,0.14,0.58
2017-12-11,603909,12.06,12.06,12.14,11.84,3227,10268757.0,2.49,0.17,0.02,1.29
2017-12-12,603909,12.12,11.99,12.24,11.95,4011,12748682.0,2.4,-0.58,-0.07,1.6
2017-12-13,603909,12.22,11.99,12.22,11.94,1932,6099625.0,2.34,0.0,0.0,0.77
2017-12-14,603909,11.86,11.6,12.06,11.56,2797,8724645.0,4.17,-3.25,-0.39,1.12
2017-12-15,603909,11.55,11.63,11.83,11.44,2056,6251233.0,3.36,0.26,0.03,0.82
2017-12-18,603909,11.87,11.68,11.87,11.4,1585,4834537.0,4.04,0.43,0.05,0.63
2017-12-19,603909,11.7,11.75,11.79,11.47,1570,4838573.0,2.74,0.6,0.07,0.63
2017-12-20,603909,11.79,11.64,11.79,11.6,989,3037746.0,1.62,-0.94,-0.11,0.4
2017-12-21,603909,11.71,11.64,11.74,11.48,1289,3951212.0,2.23,0.0,0.0,0.52
2017-12-22,603909,11.73,11.69,11.74,11.49,1121,3456569.0,2.15,0.43,0.05,0.45
2017-12-25,603909,11.69,11.69,11.74,11.55,1784,5476190.0,1.63,0.0,0.0,0.71
2017-12-26,603909,11.72,11.91,11.95,11.57,2097,6517837.0,3.25,1.88,0.22,0.84
2017-12-27,603909,11.9,12.19,12.22,11.71,2910,9230300.0,4.28,2.35,0.28,1.16
2017-12-28,603909,12.18,12.15,12.31,11.99,2338,7500896.0,2.63,-0.33,-0.04,0.94
2017-12-29,603909,12.38,12.41,12.46,12.05,3495,11327504.0,3.37,2.14,0.26,1.4
2018-01-02,603909,12.37,12.27,12.37,12.23,1542,4991717.0,1.13,-1.13,-0.14,0.62
2018-01-03,603909,12.23,12.26,12.31,12.15,2676,8622630.0,1.3,-0.08,-0.01,1.07
2018-01-04,603909,12.3,12.15,12.3,12.08,1378,4419109.0,1.79,-0.9,-0.11,0.55
2018-01-05,603909,12.14,12.15,12.26,12.14,1247,4009253.0,0.99,0.0,0.0,0.5
2018-01-08,603909,12.21,12.05,12.24,11.96,1553,4936788.0,2.3,-0.82,-0.1,0.62
2018-01-09,603909,12.09,12.04,12.27,11.97,1386,4416704.0,2.49,-0.08,-0.01,0.55
2018-01-10,603909,12.08,11.93,12.21,11.87,1380,4364508.0,2.82,-0.91,-0.11,0.55
2018-01-11,603909,11.96,12.05,12.12,11.89,1486,4708355.0,1.93,1.01,0.12,0.59
2018-01-12,603909,12.06,12.0,12.2,12.0,1460,4639202.0,1.66,-0.41,-0.05,0.58
2018-01-15,603909,12.0,12.0,12.09,11.78,1415,4455619.0,2.58,0.0,0.0,0.57
2018-01-16,603909,11.86,11.91,12.06,11.86,1872,5895396.0,1.67,-0.75,-0.09,0.75
2018-01-17,603909,12.1,12.07,12.2,11.8,3280,10406076.0,3.36,1.34,0.16,1.31
2018-01-18,603909,12.19,12.11,12.19,11.95,2164,6896529.0,1.99,0.33,0.04,0.87
2018-01-19,603909,12.11,12.14,12.18,11.95,3066,9786757.0,1.9,0.25,0.03,1.23
2018-01-22,603909,12.4,12.58,13.15,12.34,12856,43265121.0,6.67,3.62,0.44,5.14
2018-01-23,603909,12.73,12.36,12.73,12.19,6152,20099326.0,4.29,-1.75,-0.22,2.46
2018-01-24,603909,12.22,12.18,12.43,12.1,4423,14234463.0,2.67,-1.46,-0.18,1.77
2018-01-25,603909,12.23,11.9,12.23,11.89,4704,14866776.0,2.79,-2.3,-0.28,1.88
2018-01-26,603909,11.87,11.92,12.0,11.64,2190,6870249.0,3.03,0.17,0.02,0.88
2018-01-29,603909,12.04,11.8,12.04,11.64,1686,5247450.0,3.36,-1.01,-0.12,0.67
2018-01-30,603909,11.67,11.8,11.91,11.67,1539,4778901.0,2.03,0.0,0.0,0.62
2018-01-31,603909,11.7,11.84,12.01,11.7,1916,5972078.0,2.63,0.34,0.04,0.77
2018-02-01,603909,12.1,11.17,12.1,10.82,2792,8450550.0,10.81,-5.66,-0.67,1.12
2018-02-02,603909,11.17,10.99,11.36,10.58,4475,12841333.0,6.98,-1.61,-0.18,1.79
2018-02-05,603909,10.89,10.89,10.93,10.24,2689,7543404.0,6.28,-0.91,-0.1,1.08
2018-02-06,603909,10.18,10.42,10.54,9.79,5206,14081216.0,6.89,-4.32,-0.47,2.08
2018-02-07,603909,10.57,10.51,10.73,10.33,1787,4967534.0,3.84,0.86,0.09,0.71
2018-02-08,603909,10.76,10.5,10.76,10.42,931,2589907.0,3.24,-0.1,-0.01,0.37
2018-02-09,603909,10.5,10.35,10.5,10.06,1765,4773949.0,4.19,-1.43,-0.15,0.71
2018-02-12,603909,10.69,10.45,10.69,10.3,2326,6414537.0,3.77,0.97,0.1,0.93
2018-02-13,603909,10.64,10.44,10.64,9.79,1259,3459592.0,8.13,-0.1,-0.01,0.5
2018-02-14,603909,10.55,10.44,10.55,10.13,2324,6369402.0,4.02,0.0,0.0,0.93
2018-02-22,603909,10.45,10.43,10.56,10.35,1544,4271371.0,2.01,-0.1,-0.01,0.62
2018-02-23,603909,10.18,10.4,10.43,10.18,703,1929661.0,2.4,-0.29,-0.03,0.28
2018-02-26,603909,10.4,10.51,10.51,10.29,2846,7882098.0,2.12,1.06,0.11,1.14
2018-02-27,603909,10.53,10.67,10.74,10.4,3828,10755407.0,3.24,1.52,0.16,1.53
2018-02-28,603909,10.69,10.58,10.69,10.55,2187,6127109.0,1.31,-0.84,-0.09,0.87
2018-03-01,603909,10.47,10.75,10.8,10.4,3337,9404663.0,3.78,1.61,0.17,1.33
2018-03-02,603909,11.35,10.86,11.35,10.65,4409,12877090.0,6.51,1.02,0.11,1.76
2018-03-05,603909,10.85,10.75,10.89,10.67,1538,4391441.0,2.03,-1.01,-0.11,0.62
2018-03-06,603909,10.8,10.71,10.81,10.64,2237,6342719.0,1.58,-0.37,-0.04,0.89
2018-03-07,603909,10.67,10.45,10.68,10.38,3571,9912235.0,2.8,-2.43,-0.26,1.43
2018-03-08,603909,10.43,10.5,10.51,10.26,2077,5739660.0,2.39,0.48,0.05,0.83
2018-03-09,603909,10.56,10.73,10.73,10.49,3378,9522079.0,2.29,2.19,0.23,1.35
2018-03-12,603909,10.76,11.09,11.28,10.74,5538,16115553.0,5.03,3.36,0.36,2.22
2018-03-13,603909,11.0,11.1,11.31,11.0,4763,14067328.0,2.8,0.09,0.01,1.91
2018-03-14,603909,11.01,11.33,11.42,11.01,3685,10952733.0,3.69,2.07,0.23,1.47
2018-03-15,603909,11.31,11.21,11.31,10.97,3122,9215271.0,3.0,-1.06,-0.12,1.25
2018-03-16,603909,11.06,11.0,11.21,11.0,2158,6306555.0,1.87,-1.87,-0.21,0.86
2018-03-19,603909,10.83,11.04,11.16,10.81,1471,4289051.0,3.18,0.36,0.04,0.59
2018-03-20,603909,11.03,11.16,11.27,10.85,1402,4115216.0,3.8,1.09,0.12,0.56
2018-03-21,603909,11.04,11.16,11.26,11.04,2241,6606220.0,1.97,0.0,0.0,0.9
2018-03-22,603909,11.23,11.09,11.23,11.05,1738,5103412.0,1.61,-0.63,-0.07,0.7
2018-03-23,603909,10.89,10.69,10.89,10.26,5349,14999081.0,5.68,-3.61,-0.4,2.14
2018-03-26,603909,10.4,10.47,10.61,10.4,3463,9620261.0,1.96,-2.06,-0.22,1.39
2018-03-27,603909,10.46,10.69,10.73,10.46,2574,7245780.0,2.58,2.1,0.22,1.03
2018-03-28,603909,10.6,10.58,10.64,10.36,1750,4882021.0,2.62,-1.03,-0.11,0.7
2018-03-29,603909,10.56,10.68,10.87,10.56,3353,9504860.0,2.93,0.95,0.1,1.34
2018-03-30,603909,10.67,11.03,11.09,10.67,2965,8524545.0,3.93,3.28,0.35,1.19
2018-04-02,603909,11.0,11.04,11.16,10.83,2728,7942252.0,2.99,0.09,0.01,1.09
2018-04-03,603909,10.96,10.95,11.01,10.81,2192,6336342.0,1.81,-0.82,-0.09,0.88
2018-04-04,603909,11.14,11.16,11.2,10.74,4504,13195289.0,4.2,1.92,0.21,1.8
2018-04-09,603909,11.0,10.9,11.16,10.87,3758,10918093.0,2.6,-2.33,-0.26,1.5
2018-04-10,603909,10.86,10.78,10.89,10.61,2706,7690528.0,2.57,-1.1,-0.12,1.08
2018-04-11,603909,10.83,10.95,10.96,10.76,3683,10615563.0,1.86,1.58,0.17,1.47
2018-04-12,603909,10.95,11.15,11.19,10.81,5643,16479146.0,3.47,1.83,0.2,2.26
2018-04-13,603909,11.15,11.14,11.26,11.01,2433,7142513.0,2.24,-0.09,-0.01,0.97
2018-04-16,603909,11.13,10.95,11.13,10.91,2273,6613369.0,1.97,-1.71,-0.19,0.91
2018-04-17,603909,10.96,10.78,11.12,10.77,1758,5086722.0,3.2,-1.55,-0.17,0.7
2018-04-18,603909,11.04,10.68,11.04,10.3,2708,7658700.0,6.86,-0.93,-0.1,1.08
2018-04-19,603909,10.65,10.68,10.81,10.58,1874,5308644.0,2.15,0.0,0.0,0.75
2018-04-20,603909,10.67,10.58,10.78,10.38,2045,5738979.0,3.75,-0.94,-0.1,0.82
2018-04-23,603909,10.58,10.49,10.62,10.42,1152,3206123.0,1.89,-0.85,-0.09,0.46
2018-04-24,603909,10.49,10.81,10.85,10.49,1750,4990276.0,3.43,3.05,0.32,0.7
2018-04-25,603909,10.68,10.89,10.94,10.68,1474,4237197.0,2.41,0.74,0.08,0.59
2018-04-26,603909,10.93,10.76,10.93,10.58,1951,5587627.0,3.21,-1.19,-0.13,0.78
2018-04-27,603909,10.53,10.98,11.51,10.53,4297,12538143.0,9.11,2.04,0.22,1.72
2018-05-02,603909,10.85,10.89,11.09,10.85,2206,6373537.0,2.19,-0.82,-0.09,0.88
2018-05-03,603909,10.78,11.24,11.31,10.77,3507,10225751.0,4.96,3.21,0.35,1.4
2018-05-04,603909,11.24,11.2,11.24,11.05,1314,3865641.0,1.69,-0.36,-0.04,0.53
2018-05-07,603909,11.2,11.31,11.34,11.19,2651,7886428.0,1.34,0.98,0.11,1.06
2018-05-08,603909,11.35,11.38,11.44,11.24,2457,7374325.0,1.77,0.62,0.07,0.98
2018-05-09,603909,11.39,11.42,11.48,11.25,3144,9461306.0,2.02,0.35,0.04,1.26
2018-05-10,603909,11.39,11.71,11.75,11.39,3530,10858721.0,3.15,2.54,0.29,1.41
2018-05-11,603909,11.58,11.47,11.75,11.47,4009,12256900.0,2.39,-2.05,-0.24,1.6
2018-05-14,603909,11.44,11.48,11.57,11.4,1555,4708933.0,1.48,0.09,0.01,0.62
2018-05-15,603909,11.28,11.58,11.6,11.22,2763,8376033.0,3.31,0.87,0.1,1.11
2018-05-16,603909,11.59,11.53,11.63,11.46,2197,6680015.0,1.47,-0.43,-0.05,0.88
2018-05-17,603909,11.4,11.69,11.73,11.4,2888,8885035.0,2.86,1.39,0.16,1.16
2018-05-18,603909,11.55,11.73,11.88,11.5,1601,4943872.0,3.25,0.34,0.04,0.64
2018-05-21,603909,11.73,11.88,11.94,11.73,1624,5086374.0,1.79,1.28,0.15,0.65
2018-05-22,603909,11.86,11.9,11.92,11.75,2179,6803680.0,1.43,0.17,0.02,0.87
2018-05-23,603909,11.79,11.91,11.99,11.79,2065,6489597.0,1.68,0.08,0.01,0.83
2018-05-24,603909,11.95,11.74,11.95,11.71,2203,6848161.0,2.02,-1.43,-0.17,0.88
2018-05-25,603909,11.94,12.04,12.05,11.55,2427,7595717.0,4.26,2.56,0.3,0.97
2018-05-28,603909,12.1,11.93,12.1,11.79,1628,5135835.0,2.57,-0.91,-0.11,0.65
2018-05-29,603909,11.88,11.81,11.99,11.71,2102,6526737.0,2.35,-1.01,-0.12,0.84
2018-05-30,603909,11.71,11.67,11.73,11.38,3806,11542953.0,2.96,-1.19,-0.14,1.52
2018-05-31,603909,11.43,11.68,11.83,11.34,7739,23447220.0,4.2,0.09,0.01,3.1
2018-06-01,603909,11.58,11.56,11.66,11.44,1100,3342407.0,1.88,-1.03,-0.12,0.44
2018-06-04,603909,11.64,11.56,11.64,11.4,1178,3598418.0,2.08,0.0,0.0,0.47
2018-06-05,603909,11.67,11.59,11.69,11.52,967,2957883.0,1.47,0.26,0.03,0.39
2018-06-06,603909,11.75,11.81,11.83,11.49,946,2922005.0,2.93,1.9,0.22,0.38
2018-06-07,603909,11.8,11.75,11.94,11.57,2614,8097397.0,3.13,-0.51,-0.06,1.05
2018-06-08,603909,11.71,11.83,11.9,11.57,1812,5612200.0,2.81,0.68,0.08,0.72
2018-06-11,603909,11.82,11.88,11.94,11.76,1286,4016983.0,1.52,0.42,0.05,0.51
2018-06-12,603909,11.81,12.03,12.06,11.75,1204,3779155.0,2.61,1.26,0.15,0.48
2018-06-13,603909,11.99,11.93,12.08,11.84,1130,3571780.0,2.0,-0.83,-0.1,0.45
2018-06-14,603909,11.88,11.94,12.02,11.75,1213,3814284.0,2.26,0.08,0.01,0.49
2018-06-15,603909,11.93,11.62,11.93,11.36,1977,6049896.0,4.77,-2.68,-0.32,0.79
2018-06-19,603909,11.59,10.92,11.62,10.42,2722,7888564.0,10.33,-6.02,-0.7,1.09
2018-06-20,603909,10.64,11.37,11.4,10.64,2473,7231285.0,6.96,4.12,0.45,0.99
2018-06-21,603909,11.5,11.52,11.71,10.83,3392,10016518.0,7.74,1.32,0.15,1.36
2018-06-22,603909,11.45,11.83,11.9,11.25,2521,7667526.0,5.64,2.69,0.31,1.01
2018-06-25,603909,11.79,11.79,11.88,11.61,2321,7181269.0,2.28,-0.34,-0.04,0.93
2018-06-26,603909,11.9,11.83,12.06,11.7,2253,7006948.0,3.05,0.34,0.04,0.9
2018-06-27,603909,12.16,11.79,12.38,11.72,3803,11963168.0,5.58,-0.34,-0.04,1.52
2018-06-28,603909,11.8,11.88,11.9,10.82,2456,7374434.0,9.16,0.76,0.09,0.98
2018-06-29,603909,11.72,12.2,12.31,11.49,4761,15022433.0,6.9,2.69,0.32,1.9
2018-07-02,603909,12.15,12.01,12.21,11.78,4125,12920673.0,3.52,-1.56,-0.19,1.65
2018-07-03,603909,11.9,11.98,12.01,11.74,2363,7389032.0,2.25,-0.25,-0.03,0.95
2018-07-04,603909,11.98,11.78,11.98,11.63,1108,3428240.0,2.92,-1.67,-0.2,0.44
2018-07-05,603909,11.78,11.51,11.78,11.22,1567,4722395.0,4.75,-2.29,-0.27,0.63
2018-07-06,603909,11.74,11.59,11.74,11.33,1811,5464727.0,3.56,0.7,0.08,0.72
2018-07-09,603909,11.71,11.59,11.71,11.45,1877,5695521.0,2.24,0.0,0.0,0.75
2018-07-10,603909,11.59,11.6,11.65,11.45,2281,6926225.0,1.73,0.09,0.01,0.91
2018-07-11,603909,11.67,11.52,11.67,11.37,1598,4826568.0,2.59,-0.69,-0.08,0.64
2018-07-12,603909,11.68,11.51,11.68,11.47,2352,7149413.0,1.82,-0.09,-0.01,0.94
2018-07-13,603909,11.51,11.86,11.91,11.41,6381,19671208.0,4.34,3.04,0.35,2.55
2018-07-16,603909,11.75,11.81,11.96,11.72,5902,18268967.0,2.02,-0.42,-0.05,2.36
2018-07-17,603909,11.81,11.9,12.07,11.76,1811,5627875.0,2.62,0.76,0.09,0.72
2018-07-18,603909,11.96,11.82,11.96,11.79,2350,7287608.0,1.43,-0.67,-0.08,0.94
2018-07-19,603909,11.83,11.82,11.88,11.68,1954,6043204.0,1.69,0.0,0.0,0.78
2018-07-20,603909,11.8,11.79,11.83,11.62,2434,7536162.0,1.78,-0.25,-0.03,0.97
2018-07-23,603909,11.79,11.8,11.86,11.78,2357,7300281.0,0.68,0.08,0.01,0.94
2018-07-24,603909,11.8,11.86,11.96,11.68,3224,10053584.0,2.37,0.51,0.06,1.29
2018-07-25,603909,11.86,11.97,12.03,11.75,5687,17838694.0,2.36,0.93,0.11,2.27
2018-07-26,603909,11.99,11.87,12.05,11.78,2861,8930581.0,2.26,-0.84,-0.1,1.14
2018-07-27,603909,11.91,11.94,11.96,11.79,3220,10025728.0,1.43,0.59,0.07,1.29
2018-07-30,603909,11.93,11.96,12.03,11.86,2300,7225639.0,1.42,0.17,0.02,0.92
2018-07-31,603909,12.01,11.94,12.01,11.84,1660,5195966.0,1.42,-0.17,-0.02,0.66
2018-08-01,603909,11.99,11.78,11.99,11.77,1476,4586275.0,1.84,-1.34,-0.16,0.59
2018-08-02,603909,11.87,11.91,11.98,11.03,3891,11931315.0,8.06,1.1,0.13,1.56
2018-08-03,603909,11.99,11.94,11.99,11.83,1379,4315339.0,1.34,0.25,0.03,0.55
2018-08-06,603909,11.94,11.85,12.03,11.85,1447,4541703.0,1.51,-0.75,-0.09,0.58
2018-08-07,603909,11.88,12.01,12.11,11.8,4434,13924033.0,2.62,1.35,0.16,1.77
2018-08-08,603909,12.19,12.1,12.19,12.0,3841,12172884.0,1.58,0.75,0.09,1.54
2018-08-09,603909,12.13,12.65,12.74,11.99,13134,43173764.0,6.2,4.55,0.55,5.25
2018-08-10,603909,12.64,12.45,12.81,12.31,10220,33594977.0,3.95,-1.58,-0.2,4.09
2018-08-13,603909,12.39,12.29,12.39,12.12,5471,17590867.0,2.17,-1.29,-0.16,2.19
2018-08-14,603909,12.38,12.16,12.38,12.07,2844,9096558.0,2.52,-1.06,-0.13,1.14
2018-08-15,603909,12.29,11.81,12.29,11.76,3356,10541255.0,4.36,-2.88,-0.35,1.34
2018-08-16,603909,11.72,11.42,11.72,11.02,6865,20362606.0,5.93,-3.3,-0.39,2.75
2018-08-17,603909,11.42,11.31,11.52,11.17,2693,7986603.0,3.06,-0.96,-0.11,1.08
2018-08-20,603909,11.31,11.29,11.31,11.01,1793,5251683.0,2.65,-0.18,-0.02,0.72
2018-08-21,603909,11.28,11.28,11.4,11.08,1210,3578352.0,2.83,-0.09,-0.01,0.48
2018-08-22,603909,11.23,11.3,11.34,11.18,859,2548043.0,1.42,0.18,0.02,0.34
2018-08-23,603909,11.3,11.17,11.31,11.09,1048,3084658.0,1.95,-1.15,-0.13,0.42
2018-08-24,603909,11.09,11.28,11.6,11.08,2450,7348657.0,4.66,0.98,0.11,0.98
2018-08-27,603909,11.13,11.28,11.33,11.06,1300,3841821.0,2.39,0.0,0.0,0.52
2018-08-28,603909,11.13,11.2,11.28,11.13,785,2309757.0,1.33,-0.71,-0.08,0.31
2018-08-29,603909,11.15,11.01,11.25,10.94,1269,3686119.0,2.77,-1.7,-0.19,0.51
2018-08-30,603909,11.01,10.9,11.05,10.58,2801,7955418.0,4.27,-1.0,-0.11,1.12
2018-08-31,603909,11.01,11.01,11.01,10.76,1362,3912215.0,2.29,1.01,0.11,0.54
2018-09-03,603909,11.09,11.11,11.11,10.98,1104,3216066.0,1.18,0.91,0.1,0.44
2018-09-04,603909,11.22,11.14,11.22,10.74,619,1807504.0,4.32,0.27,0.03,0.25
2018-09-05,603909,11.21,11.11,11.21,11.1,609,1786653.0,0.99,-0.27,-0.03,0.24
2018-09-06,603909,11.17,11.11,11.17,11.08,607,1776041.0,0.81,0.0,0.0,0.24
2018-09-07,603909,11.01,11.12,11.16,10.97,588,1717291.0,1.71,0.09,0.01,0.24
2018-09-10,603909,11.13,11.07,11.2,10.82,827,2397674.0,3.42,-0.45,-0.05,0.33
2018-09-11,603909,11.12,11.07,11.12,10.94,662,1919339.0,1.63,0.0,0.0,0.26
2018-09-12,603909,11.07,11.11,11.16,10.95,1204,3513997.0,1.9,0.36,0.04,0.48
2018-09-13,603909,11.21,11.12,11.21,11.08,1088,3183108.0,1.17,0.09,0.01,0.44
2018-09-14,603909,11.2,11.09,11.2,11.06,939,2753394.0,1.26,-0.27,-0.03,0.38
2018-09-17,603909,11.13,11.04,11.13,11.01,385,1122438.0,1.08,-0.45,-0.05,0.15
2018-09-18,603909,11.04,11.11,11.12,10.97,608,1772942.0,1.36,0.63,0.07,0.24
2018-09-19,603909,11.13,11.11,11.13,11.01,1038,3026565.0,1.08,0.0,0.0,0.42
2018-09-20,603909,11.11,11.03,11.11,11.03,614,1785910.0,0.72,-0.72,-0.08,0.25
2018-09-21,603909,11.12,11.09,11.12,11.02,921,2686912.0,0.91,0.54,0.06,0.37
2018-09-25,603909,11.17,11.08,11.17,10.83,513,1488478.0,3.07,-0.09,-0.01,0.21
2018-09-26,603909,11.08,11.01,11.08,10.94,871,2525039.0,1.26,-0.63,-0.07,0.35
2018-09-27,603909,11.03,10.94,11.08,10.77,1605,4606580.0,2.82,-0.64,-0.07,0.64
2018-09-28,603909,10.97,10.86,10.97,10.84,782,2240150.0,1.19,-0.73,-0.08,0.31
2018-10-08,603909,11.01,10.78,11.01,10.52,1184,3325581.0,4.51,-0.74,-0.08,0.47
2018-10-09,603909,10.95,10.66,10.95,10.56,1219,3428290.0,3.62,-1.11,-0.12,0.49
2018-10-10,603909,10.67,10.76,10.9,10.54,3032,8536942.0,3.38,0.94,0.1,1.21
2018-10-11,603909,10.55,10.77,11.01,9.65,4417,12557976.0,12.64,0.09,0.01,1.77
2018-10-12,603909,10.71,10.9,10.9,10.43,3226,9103508.0,4.36,1.21,0.13,1.29
2018-10-15,603909,10.72,10.77,10.94,10.63,1453,4101359.0,2.84,-1.19,-0.13,0.58
2018-10-16,603909,10.83,10.78,10.83,10.65,1081,3058744.0,1.67,0.09,0.01,0.43
2018-10-17,603909,10.72,10.67,10.79,10.55,11111,31201269.0,2.23,-1.02,-0.11,4.44
2018-10-18,603909,10.67,10.35,10.7,10.33,986,2743551.0,3.47,-3.0,-0.32,0.39
2018-10-19,603909,10.62,10.13,10.62,10.13,1036,2797259.0,4.73,-2.13,-0.22,0.41
2018-10-22,603909,10.62,10.55,10.62,10.31,3359,9355889.0,3.06,4.15,0.42,1.34
2018-10-23,603909,10.5,10.57,10.7,10.08,3561,9884761.0,5.88,0.19,0.02,1.42
2018-10-24,603909,10.62,10.37,10.62,10.23,3551,9763719.0,3.69,-1.89,-0.2,1.42
2018-10-25,603909,10.34,10.23,10.34,9.29,10198,25767196.0,10.13,-1.35,-0.14,4.08
2018-10-26,603909,9.69,10.21,10.21,9.52,6801,17664140.0,6.74,-0.2,-0.02,2.72
2018-10-29,603909,10.19,9.76,10.19,9.46,4603,11773019.0,7.15,-4.41,-0.45,1.84
2018-10-30,603909,9.72,9.39,9.72,9.05,8490,20701891.0,6.86,-3.79,-0.37,3.4
2018-10-31,603909,9.05,9.05,9.12,8.87,11679,27759382.0,2.66,-3.62,-0.34,4.67
2018-11-01,603909,9.04,8.89,9.04,8.87,9637,22809990.0,1.88,-1.77,-0.16,3.85
2018-11-02,603909,8.97,9.0,9.03,8.89,9358,22238722.0,1.57,1.24,0.11,3.74
2018-11-05,603909,9.0,9.56,9.64,9.0,16408,40103193.0,7.11,6.22,0.56,6.56
2018-11-06,603909,9.44,9.16,9.44,9.06,9404,22907551.0,3.97,-4.18,-0.4,3.76
2018-11-07,603909,9.16,9.19,9.25,9.06,5820,14085814.0,2.07,0.33,0.03,2.33
2018-11-08,603909,9.2,9.0,9.2,8.98,5010,12069699.0,2.39,-2.07,-0.19,2.0
2018-11-09,603909,8.97,9.02,9.09,8.89,3387,8110357.0,2.22,0.22,0.02,1.35
2018-11-12,603909,9.12,9.06,9.12,8.94,6546,15675176.0,2.0,0.44,0.04,2.62
2018-11-13,603909,8.97,9.08,9.18,8.9,7755,18574772.0,3.09,0.22,0.02,3.1
2018-11-14,603909,9.64,9.21,9.64,9.17,11913,29401109.0,5.18,1.43,0.13,4.77
2018-11-15,603909,9.19,9.25,9.28,9.09,7781,19023542.0,2.06,0.43,0.04,3.11
2018-11-16,603909,9.26,9.44,9.51,9.26,10020,24943126.0,2.7,2.05,0.19,4.01
2018-11-19,603909,9.39,9.41,9.52,9.33,6099,15163779.0,2.01,-0.32,-0.03,2.44
2018-11-20,603909,9.44,9.22,9.44,9.22,5199,12823279.0,2.34,-2.02,-0.19,2.08
2018-11-21,603909,9.22,9.24,9.25,9.06,4543,11023856.0,2.06,0.22,0.02,1.82
2018-11-22,603909,9.17,9.33,9.37,9.17,5933,14587648.0,2.16,0.97,0.09,2.37
2018-11-23,603909,9.28,9.19,9.35,9.11,6428,15674500.0,2.57,-1.5,-0.14,2.57
2018-11-26,603909,9.05,9.06,9.2,9.05,4158,10007746.0,1.63,-1.41,-0.13,1.66
2018-11-27,603909,9.23,9.17,9.23,9.05,6155,14852849.0,1.99,1.21,0.11,2.46
2018-11-28,603909,9.21,9.17,9.21,9.09,3090,7479201.0,1.31,0.0,0.0,1.24
2018-11-29,603909,9.17,8.91,9.18,8.87,5746,13846812.0,3.38,-2.84,-0.26,2.3
2018-11-30,603909,8.96,8.61,8.96,8.4,4171,9551517.0,6.29,-3.37,-0.3,1.67
2018-12-03,603909,8.86,8.91,8.93,8.66,6516,15216028.0,3.14,3.48,0.3,2.61
2018-12-04,603909,9.13,9.04,9.13,8.92,7757,18564592.0,2.36,1.46,0.13,3.1
2018-12-05,603909,8.67,8.81,9.0,8.67,3196,7506410.0,3.65,-2.54,-0.23,1.28
2018-12-06,603909,8.82,8.86,8.96,8.8,11972,28172490.0,1.82,0.57,0.05,4.79
2018-12-07,603909,8.78,8.87,8.9,8.78,6353,14954596.0,1.35,0.11,0.01,2.54
2018-12-10,603909,8.87,8.97,9.09,8.73,6199,14754628.0,4.06,1.13,0.1,2.48
2018-12-11,603909,8.87,9.0,9.04,8.87,7376,17542948.0,1.9,0.33,0.03,2.95
2018-12-12,603909,8.88,9.26,9.4,8.88,15775,37727282.0,5.78,2.89,0.26,6.31
2018-12-13,603909,9.26,9.28,9.37,9.21,12604,31024513.0,1.73,0.22,0.02,5.04
2018-12-14,603909,9.14,8.99,9.33,8.99,4629,11257599.0,3.66,-3.13,-0.29,1.85
2018-12-17,603909,8.93,9.14,9.32,8.93,10246,25076188.0,4.34,1.67,0.15,4.1
2018-12-18,603909,9.06,9.36,9.42,9.06,8356,20632681.0,3.94,2.41,0.22,3.34
2018-12-19,603909,9.35,9.28,9.44,9.24,5859,14442794.0,2.14,-0.85,-0.08,2.34
2018-12-20,603909,9.31,9.22,9.37,9.17,4306,10524361.0,2.16,-0.65,-0.06,1.72
2018-12-21,603909,9.3,9.33,9.36,9.17,4606,11292515.0,2.06,1.19,0.11,1.84
2018-12-24,603909,9.05,9.33,9.37,9.05,5736,14137459.0,3.43,0.0,0.0,2.29
2018-12-25,603909,9.38,9.42,9.46,9.26,8248,20438746.0,2.14,0.96,0.09,3.3
2018-12-26,603909,9.52,10.41,10.41,9.48,15362,40989925.0,9.87,10.51,0.99,6.14
2018-12-27,603909,10.5,9.93,10.62,9.75,32122,85203948.0,8.36,-4.61,-0.48,12.85
2018-12-28,603909,9.86,9.72,9.92,9.52,12950,33041190.0,4.03,-2.11,-0.21,5.18
2019-01-02,603909,9.65,9.72,9.88,9.6,10891,27950101.0,2.88,0.0,0.0,4.36
2019-01-03,603909,9.84,9.66,9.88,9.52,10337,26425277.0,3.7,-0.62,-0.06,4.13
2019-01-04,603909,9.53,9.69,9.8,9.45,10855,27742253.0,3.62,0.31,0.03,4.34
2019-01-07,603909,9.68,9.86,9.91,9.6,7162,18458381.0,3.2,1.75,0.17,2.86
2019-01-08,603909,9.83,10.88,10.88,9.64,39545,110204041.0,12.58,10.34,1.02,15.82
2019-01-09,603909,10.85,10.46,10.86,10.22,27851,76610426.0,5.88,-3.86,-0.42,11.14
2019-01-10,603909,10.46,10.45,10.53,10.37,21896,60206372.0,1.53,-0.1,-0.01,8.76
2019-01-11,603909,10.51,10.41,10.63,10.32,20457,56636524.0,2.97,-0.38,-0.04,8.18
2019-01-14,603909,10.41,10.77,10.97,10.3,16102,44657010.0,6.44,3.46,0.36,6.44
2019-01-15,603909,10.72,10.27,10.72,10.26,16434,44885241.0,4.27,-4.64,-0.5,6.57
2019-01-16,603909,10.27,10.15,10.29,10.05,7758,20859507.0,2.34,-1.17,-0.12,3.1
2019-01-17,603909,10.12,10.04,10.15,9.98,5684,15101906.0,1.67,-1.08,-0.11,2.27
2019-01-18,603909,10.07,9.95,10.1,9.88,7710,20314987.0,2.19,-0.9,-0.09,3.08
2019-01-21,603909,9.95,10.1,10.13,9.95,7480,19899933.0,1.81,1.51,0.15,2.99
2019-01-22,603909,10.22,10.19,10.76,10.14,7827,21370975.0,6.14,0.89,0.09,3.13
2019-01-23,603909,10.31,10.33,10.41,10.0,9419,25491808.0,4.02,1.37,0.14,3.77
2019-01-24,603909,10.31,10.38,10.48,10.19,8691,23774205.0,2.81,0.48,0.05,3.48
2019-01-25,603909,10.37,10.11,10.37,10.04,5390,14439007.0,3.18,-2.6,-0.27,2.16
2019-01-28,603909,10.19,10.18,10.2,9.88,5248,13870969.0,3.17,0.69,0.07,2.1
2019-01-29,603909,10.18,10.15,10.18,9.12,8864,22991399.0,10.41,-0.29,-0.03,3.55
2019-01-30,603909,9.95,9.76,10.1,9.54,8508,22239750.0,5.52,-3.84,-0.39,3.4
2019-01-31,603909,9.82,9.37,9.93,9.37,9347,23750656.0,5.74,-4.0,-0.39,3.74
2019-02-01,603909,9.6,9.76,9.76,9.11,9023,22537411.0,6.94,4.16,0.39,3.61
2019-02-11,603909,9.76,10.07,10.13,9.68,6337,16617442.0,4.61,3.18,0.31,2.53
2019-02-12,603909,10.15,10.02,10.15,9.97,5275,14011368.0,1.79,-0.5,-0.05,2.11
2019-02-13,603909,10.06,10.35,10.42,9.99,11492,31036282.0,4.29,3.29,0.33,4.6
2019-02-14,603909,10.35,10.29,10.38,10.29,6869,18708197.0,0.87,-0.58,-0.06,2.75
2019-02-15,603909,10.38,10.32,10.62,10.17,9898,26903935.0,4.37,0.29,0.03,3.96
2019-02-18,603909,10.39,10.57,10.58,10.25,16333,44545750.0,3.2,2.42,0.25,6.53
2019-02-19,603909,10.56,11.01,11.41,10.38,24234,69279804.0,9.74,4.16,0.44,9.69
2019-02-20,603909,11.01,10.15,11.44,9.88,62794,170669015.0,14.17,-7.81,-0.86,25.12
2019-02-21,603909,9.74,9.75,9.89,9.44,45621,116686078.0,4.43,-3.94,-0.4,18.25
2019-02-22,603909,9.63,9.67,9.68,9.49,19167,48697656.0,1.95,-0.82,-0.08,7.67
2019-02-25,603909,9.74,9.96,10.03,9.66,28038,73077335.0,3.83,3.0,0.29,11.22
2019-02-26,603909,9.96,9.79,9.96,9.75,28869,75039236.0,2.11,-1.71,-0.17,11.55
2019-02-27,603909,9.71,9.86,9.89,9.64,19413,50127430.0,2.55,0.72,0.07,7.77
2019-02-28,603909,9.97,10.01,10.03,9.85,19278,50622111.0,1.83,1.52,0.15,7.71
2019-03-01,603909,10.01,9.95,10.1,9.86,13783,36181542.0,2.4,-0.6,-0.06,5.51
2019-03-04,603909,9.99,10.08,10.23,9.93,21707,57727747.0,3.02,1.31,0.13,8.68
2019-03-05,603909,10.02,10.15,10.15,9.95,15487,41072742.0,1.98,0.69,0.07,6.19
2019-03-06,603909,10.22,10.36,10.46,9.98,28589,77036965.0,4.73,2.07,0.21,11.44
2019-03-07,603909,10.3,10.44,10.58,10.19,23934,65402864.0,3.76,0.77,0.08,9.57
2019-03-08,603909,10.27,9.81,10.32,9.79,20443,54650956.0,5.08,-6.03,-0.63,8.18
2019-03-11,603909,9.81,10.12,10.16,9.79,15073,39724147.0,3.77,3.16,0.31,6.03
2019-03-12,603909,10.23,10.5,10.6,10.1,27934,76043255.0,4.94,3.75,0.38,11.17
2019-03-13,603909,10.48,10.2,10.48,10.08,19178,52237748.0,3.81,-2.86,-0.3,7.67
2019-03-14,603909,10.09,9.9,10.32,9.78,14166,37344804.0,5.29,-2.94,-0.3,5.67
2019-03-15,603909,9.9,10.02,10.06,9.84,10247,26960647.0,2.22,1.21,0.12,4.1
2019-03-18,603909,10.03,10.22,10.22,9.96,11878,31753367.0,2.59,2.0,0.2,4.75
2019-03-19,603909,10.25,10.19,10.37,10.09,12622,34012490.0,2.74,-0.29,-0.03,5.05
2019-03-20,603909,10.19,10.29,10.32,10.1,14926,40365907.0,2.16,0.98,0.1,5.97
2019-03-21,603909,10.31,10.31,10.35,10.23,13383,36334622.0,1.17,0.19,0.02,5.35
2019-03-22,603909,10.31,10.2,10.32,10.09,12912,34790142.0,2.23,-1.07,-0.11,5.16
2019-03-25,603909,10.12,9.99,10.15,9.99,9553,25411143.0,1.57,-2.06,-0.21,3.82
2019-03-26,603909,10.01,9.82,10.06,9.73,9947,25991001.0,3.3,-1.7,-0.17,3.98
2019-03-27,603909,9.84,9.94,9.94,9.77,6688,17406801.0,1.73,1.22,0.12,2.68
2019-03-28,603909,9.93,10.1,10.12,9.85,10214,27026970.0,2.72,1.61,0.16,4.09
2019-03-29,603909,10.1,10.36,10.41,9.84,18920,51198652.0,5.64,2.57,0.26,7.57
2019-04-01,603909,10.37,10.46,10.49,10.26,24514,67236434.0,2.22,0.97,0.1,9.81
2019-04-02,603909,10.46,10.34,10.46,10.27,18415,50214778.0,1.82,-1.15,-0.12,7.37
2019-04-03,603909,10.34,10.55,10.61,10.28,21164,58354166.0,3.19,2.03,0.21,8.47
2019-04-04,603909,10.58,10.41,10.58,10.35,17110,47063753.0,2.18,-1.33,-0.14,6.84
2019-04-08,603909,10.41,10.31,10.54,10.24,11696,31878253.0,2.88,-0.96,-0.1,4.68
2019-04-09,603909,10.27,10.31,10.44,10.26,10540,28744733.0,1.75,0.0,0.0,4.22
2019-04-10,603909,10.28,10.11,10.31,10.08,11742,31465209.0,2.23,-1.94,-0.2,4.7
2019-04-11,603909,10.08,9.93,10.12,9.91,10318,27221170.0,2.08,-1.78,-0.18,4.13
2019-04-12,603909,9.94,9.99,10.03,9.88,6954,18270800.0,1.51,0.6,0.06,2.78
2019-04-15,603909,10.07,9.91,10.15,9.88,8367,22234078.0,2.7,-0.8,-0.08,3.35
2019-04-16,603909,9.91,10.03,10.04,9.8,9701,25442721.0,2.42,1.21,0.12,3.88
2019-04-17,603909,10.03,10.15,10.21,9.98,14345,38251241.0,2.29,1.2,0.12,5.74
2019-04-18,603909,10.11,10.17,10.27,10.1,8717,23434173.0,1.67,0.2,0.02,3.49
2019-04-19,603909,10.25,10.16,10.25,10.1,8628,23154784.0,1.47,-0.1,-0.01,3.45
2019-04-22,603909,10.16,10.18,10.34,10.11,11495,31056408.0,2.26,0.2,0.02,4.6
2019-04-23,603909,10.18,9.99,10.27,9.98,11285,30222238.0,2.85,-1.87,-0.19,4.51
2019-04-24,603909,9.97,9.9,10.01,9.79,8513,22242034.0,2.2,-0.9,-0.09,3.41
2019-04-25,603909,9.86,9.44,9.89,9.4,9324,23804197.0,4.95,-4.65,-0.46,3.73
2019-04-26,603909,9.4,9.28,9.47,9.15,5982,14722159.0,3.39,-1.69,-0.16,2.39
2019-04-29,603909,9.16,8.9,9.53,8.88,7635,18366525.0,7.0,-4.09,-0.38,3.05
2019-04-30,603909,8.82,8.93,8.97,8.81,5432,12840487.0,1.8,0.34,0.03,2.17
2019-05-06,603909,8.67,8.05,8.73,8.05,8896,19650838.0,7.61,-9.85,-0.88,3.56
2019-05-07,603909,8.66,8.27,8.66,8.05,8871,19318532.0,7.58,2.73,0.22,3.55
2019-05-08,603909,8.07,8.13,8.2,7.99,6478,14006230.0,2.54,-1.69,-0.14,2.59
2019-05-09,603909,8.13,8.47,8.56,8.13,12353,27506222.0,5.29,4.18,0.34,4.94
2019-05-10,603909,8.46,9.24,9.32,8.39,25685,60906053.0,10.98,9.09,0.77,10.27
2019-05-13,603909,9.21,9.42,9.46,9.01,14071,34835138.0,4.87,1.95,0.18,5.63
2019-05-14,603909,9.28,9.85,9.88,9.28,16254,41371389.0,6.37,4.56,0.43,6.5
2019-05-15,603909,9.99,9.87,10.04,9.72,15523,40569052.0,3.25,0.2,0.02,6.21
2019-05-16,603909,10.04,10.42,10.44,9.88,22570,60839830.0,5.67,5.57,0.55,9.03
2019-05-17,603909,10.62,10.43,11.0,10.19,32071,88135456.0,7.77,0.1,0.01,12.83
2019-05-20,603909,10.4,10.74,10.78,10.26,19663,54763659.0,4.99,2.97,0.31,7.87
2019-05-21,603909,10.62,11.85,11.85,10.62,43938,131754435.0,11.45,10.34,1.11,17.58
2019-05-22,603909,11.77,11.12,11.77,11.11,24345,72659450.0,5.57,-6.16,-0.73,9.74
2019-05-23,603909,11.17,10.82,11.41,10.75,27189,78282703.0,5.94,-2.7,-0.3,10.88
2019-05-24,603909,10.82,11.08,11.13,10.73,22159,63346918.0,3.7,2.4,0.26,8.86
2019-05-27,603909,11.08,11.2,11.39,11.01,17261,50729176.0,3.43,1.08,0.12,6.9
2019-05-28,603909,11.17,11.21,11.24,10.9,17180,49987548.0,3.04,0.09,0.01,6.87
2019-05-29,603909,11.14,11.29,11.5,10.94,16215,48250888.0,5.0,0.71,0.08,6.49
2019-05-30,603909,11.36,11.37,11.39,11.12,19020,56453108.0,2.39,0.71,0.08,7.61
2019-05-31,603909,11.52,11.39,11.99,11.33,13872,41777557.0,5.8,0.18,0.02,5.55
2019-06-03,603909,11.39,11.28,11.52,11.17,9917,29482354.0,3.07,-0.97,-0.11,3.97
2019-06-04,603909,11.29,10.92,11.36,10.83,11406,33320272.0,4.7,-3.19,-0.36,4.56
2019-06-05,603909,10.92,9.79,11.13,9.79,14006,38001582.0,12.27,-10.35,-1.13,5.6
2019-06-06,603909,8.97,8.77,9.61,8.77,19513,46279313.0,8.58,-10.42,-1.02,7.81
2019-06-10,603909,8.71,9.3,9.38,8.52,20238,48624469.0,9.81,6.04,0.53,8.1
2019-06-11,603909,9.22,9.47,9.62,9.22,15088,37728010.0,4.3,1.83,0.17,6.04
2019-06-12,603909,9.68,10.17,10.41,9.59,20146,53707376.0,8.66,7.39,0.7,8.06
2019-06-13,603909,10.15,10.23,10.79,9.92,63689,171505890.0,8.55,0.59,0.06,25.48
2019-06-14,603909,10.22,10.02,10.5,9.97,26412,70898036.0,5.18,-2.05,-0.21,10.56
2019-06-17,603909,10.05,11.05,11.05,10.05,63328,179454753.0,9.98,10.28,1.03,25.33
2019-06-18,603909,11.5,10.79,11.69,10.54,46028,134181328.0,10.41,-2.35,-0.26,18.41
2019-06-19,603909,11.12,10.48,11.21,10.01,40563,111103329.0,11.12,-2.87,-0.31,16.23
2019-06-20,603909,10.09,11.08,11.33,9.65,48529,131978597.0,16.03,5.73,0.6,19.41
2019-06-21,603909,11.02,11.26,12.22,10.71,87644,260664758.0,13.63,1.62,0.18,35.06
2019-06-24,603909,10.97,10.11,10.97,10.11,48511,131157502.0,7.64,-10.21,-1.15,19.4
2019-06-25,603909,9.07,9.07,9.07,9.07,12068,28842520.0,0.0,-10.29,-1.04,4.83
2019-06-26,603909,8.13,8.58,9.01,8.13,98955,217338235.0,9.7,-5.4,-0.49,39.58
2019-06-27,603909,8.28,8.33,8.39,8.19,61164,133885241.0,2.33,-2.91,-0.25,24.47
2019-06-28,603909,8.32,8.13,8.32,7.94,36930,79100677.0,4.56,-2.4,-0.2,3.69
2019-07-01,603909,8.22,8.32,8.32,8.14,39192,85556535.0,2.21,2.34,0.19,3.92
2019-07-02,603909,8.26,8.3,8.36,8.18,23224,50797909.0,2.16,-0.24,-0.02,2.32
2019-07-03,603909,8.32,8.22,8.35,8.2,19062,41556052.0,1.81,-0.96,-0.08,1.91
2019-07-04,603909,8.23,8.1,8.28,8.05,17965,38831366.0,2.8,-1.46,-0.12,1.8
2019-07-05,603909,8.13,8.11,8.14,8.01,15019,32115570.0,1.6,0.12,0.01,1.5
2019-07-08,603909,8.08,7.61,8.09,7.54,24091,49568510.0,6.78,-6.17,-0.5,2.41
2019-07-09,603909,7.6,7.87,7.92,7.6,19570,40300130.0,4.2,3.42,0.26,1.96
2019-07-10,603909,7.87,7.89,8.06,7.8,15935,33582614.0,3.3,0.25,0.02,1.59
2019-07-11,603909,7.89,7.86,8.01,7.85,10348,21709621.0,2.03,-0.38,-0.03,1.03
2019-07-12,603909,7.8,7.72,7.88,7.7,11029,22691302.0,2.29,-1.78,-0.14,1.1
2019-07-15,603909,7.58,7.64,7.73,7.32,22654,45181252.0,5.31,-1.04,-0.08,2.27
2019-07-16,603909,7.63,7.74,7.78,7.61,9987,20470295.0,2.23,1.31,0.1,1.0
2019-07-17,603909,7.68,7.64,7.79,7.63,11109,22659928.0,2.07,-1.29,-0.1,1.11
2019-07-18,603909,7.69,7.5,7.69,7.5,9864,19733923.0,2.49,-1.83,-0.14,0.99
2019-07-19,603909,7.48,7.43,7.64,7.43,9680,19372533.0,2.8,-0.93,-0.07,0.97
2019-07-22,603909,7.43,7.06,7.52,7.05,16288,31097691.0,6.33,-4.98,-0.37,1.63
2019-07-23,603909,7.06,7.31,7.32,7.06,12311,23666095.0,3.68,3.54,0.25,1.23
2019-07-24,603909,7.34,7.37,7.49,7.31,9923,19517096.0,2.46,0.82,0.06,0.99
2019-07-25,603909,7.45,7.41,7.45,7.29,9130,17898576.0,2.17,0.54,0.04,0.91
2019-07-26,603909,7.37,7.43,7.47,7.33,7212,14168515.0,1.89,0.27,0.02,0.72
2019-07-29,603909,7.39,7.51,7.55,7.39,9903,19668159.0,2.15,1.08,0.08,0.99
2019-07-30,603909,7.51,7.43,7.54,7.34,12713,25150141.0,2.66,-1.07,-0.08,1.27
2019-07-31,603909,7.42,7.25,7.42,7.19,10575,20410348.0,3.1,-2.42,-0.18,1.06
2019-08-01,603909,7.2,7.14,7.24,7.11,11062,21054968.0,1.79,-1.52,-0.11,1.11
2019-08-02,603909,7.02,6.93,7.06,6.84,15530,28625683.0,3.08,-2.94,-0.21,1.55
2019-08-05,603909,6.91,6.78,6.91,6.73,11975,21703965.0,2.6,-2.16,-0.15,1.2
2019-08-06,603909,6.65,6.58,6.69,6.44,15160,26581128.0,3.69,-2.95,-0.2,1.52
2019-08-07,603909,6.63,6.6,6.7,6.58,7738,13707976.0,1.82,0.3,0.02,0.77
2019-08-08,603909,6.6,6.54,6.64,6.51,12142,21235387.0,1.97,-0.91,-0.06,1.21
2019-08-09,603909,6.53,6.45,6.62,6.4,16493,28604839.0,3.36,-1.38,-0.09,1.65
2019-08-12,603909,6.4,6.47,6.49,6.37,14195,24411220.0,1.86,0.31,0.02,1.42
2019-08-13,603909,6.46,6.32,6.46,6.27,12644,21440521.0,2.94,-2.32,-0.15,1.26
2019-08-14,603909,6.43,6.36,6.47,6.33,14546,24930791.0,2.22,0.63,0.04,1.45
2019-08-15,603909,6.2,6.42,6.47,6.09,22232,37052101.0,5.97,0.94,0.06,2.22
2019-08-16,603909,6.35,6.25,6.39,6.24,13504,22808631.0,2.34,-2.65,-0.17,1.35
2019-08-19,603909,6.24,6.45,6.46,6.23,20942,35621570.0,3.68,3.2,0.2,2.09
2019-08-20,603909,6.46,6.47,6.64,6.38,20906,36287123.0,4.03,0.31,0.02,2.09
2019-08-21,603909,6.43,6.52,6.6,6.43,15252,26478783.0,2.63,0.77,0.05,1.53
2019-08-22,603909,6.52,6.49,6.53,6.44,9124,15793412.0,1.38,-0.46,-0.03,0.91
2019-08-23,603909,6.52,6.72,6.72,6.44,25602,45081872.0,4.31,3.54,0.23,2.56
2019-08-26,603909,6.71,6.74,6.76,6.51,33538,59455077.0,3.72,0.3,0.02,3.35
2019-08-27,603909,6.73,7.05,7.14,6.68,37737,70026060.0,6.82,4.6,0.31,3.77
2019-08-28,603909,6.96,7.5,7.52,6.94,42627,83041640.0,8.23,6.38,0.45,4.26
2019-08-29,603909,7.46,7.29,7.72,7.25,39967,79041785.0,6.27,-2.8,-0.21,4.0
2019-08-30,603909,7.3,7.08,7.41,6.53,30571,58439196.0,12.07,-2.88,-0.21,3.06
2019-09-02,603909,7.08,7.1,7.18,7.0,14998,28375208.0,2.54,0.28,0.02,1.5
2019-09-03,603909,7.1,7.18,7.33,7.07,18068,34527262.0,3.66,1.13,0.08,1.81
2019-09-04,603909,7.18,7.37,7.44,7.1,20411,39706320.0,4.74,2.65,0.19,2.04
2019-09-05,603909,7.42,7.45,7.59,7.41,24398,48611548.0,2.44,1.09,0.08,2.44
2019-09-06,603909,7.46,7.57,7.59,7.38,19350,38487165.0,2.82,1.61,0.12,1.94
2019-09-09,603909,7.66,7.5,7.66,7.44,21929,43667457.0,2.91,-0.92,-0.07,2.19
2019-09-10,603909,7.55,7.45,7.57,7.38,20877,41288542.0,2.53,-0.67,-0.05,2.09
2019-09-11,603909,7.45,7.45,7.56,7.42,13186,26186178.0,1.88,0.0,0.0,1.32
2019-09-12,603909,7.45,7.5,7.52,7.38,13598,26898525.0,1.88,0.67,0.05,1.36
2019-09-16,603909,7.46,7.44,7.65,7.41,18850,37585124.0,3.2,-0.8,-0.06,1.89
2019-09-17,603909,7.5,7.42,7.5,7.3,22752,44846933.0,2.69,-0.27,-0.02,2.28
2019-09-18,603909,7.41,7.43,7.51,7.28,12363,24306327.0,3.1,0.13,0.01,1.24
2019-09-19,603909,7.41,7.41,7.47,7.33,9123,17886983.0,1.88,-0.27,-0.02,0.91
2019-09-20,603909,7.45,7.38,7.46,7.34,10481,20573808.0,1.62,-0.4,-0.03,1.05
2019-09-23,603909,7.36,7.35,7.4,7.11,9545,18511380.0,3.93,-0.41,-0.03,0.95
2019-09-24,603909,7.38,7.22,7.41,7.22,17593,34113956.0,2.59,-1.77,-0.13,1.76
2019-09-25,603909,7.18,7.1,7.29,7.08,13298,25349385.0,2.91,-1.66,-0.12,1.33
2019-09-26,603909,7.1,6.84,7.15,6.78,15402,28392751.0,5.21,-3.66,-0.26,1.54
2019-09-27,603909,6.75,7.02,7.1,6.75,17306,32028026.0,5.12,2.63,0.18,1.73
2019-09-30,603909,7.02,7.24,7.28,6.83,19180,26008885.0,6.41,3.13,0.22,1.37
2019-10-08,603909,7.24,7.04,7.25,6.94,21750,29098795.0,4.28,-2.76,-0.2,1.55
2019-10-09,603909,6.97,7.0,7.0,6.77,14257,18690881.0,3.27,-0.57,-0.04,1.02
2019-10-10,603909,6.94,7.05,7.16,6.9,25078,33480043.0,3.71,0.71,0.05,1.79
2019-10-11,603909,7.05,7.09,7.22,7.04,13652,18465236.0,2.55,0.57,0.04,0.98
2019-10-14,603909,7.16,7.26,7.35,7.1,27587,37913089.0,3.53,2.4,0.17,1.97
2019-10-15,603909,7.21,7.04,7.3,6.99,15096,20383339.0,4.27,-3.03,-0.22,1.08
2019-10-16,603909,7.04,7.06,7.1,6.88,17438,23186440.0,3.13,0.28,0.02,1.25
2019-10-17,603909,6.99,6.94,7.09,6.91,9491,12573148.0,2.55,-1.7,-0.12,0.68
2019-10-18,603909,6.95,6.86,7.02,6.77,12562,16442044.0,3.6,-1.15,-0.08,0.9
2019-10-21,603909,6.86,6.72,6.87,6.28,9809,12552942.0,8.6,-2.04,-0.14,0.7
2019-10-22,603909,6.73,6.96,7.01,6.73,13450,17677349.0,4.17,3.57,0.24,0.96
2019-10-23,603909,6.97,7.06,7.13,6.97,14631,19642458.0,2.3,1.44,0.1,1.05
2019-10-24,603909,7.12,6.98,7.14,6.94,9050,12057829.0,2.83,-1.13,-0.08,0.65
2019-10-25,603909,6.97,6.98,7.03,6.87,8529,11288681.0,2.29,0.0,0.0,0.61
2019-10-28,603909,7.04,7.05,7.17,7.0,20823,27981061.0,2.44,1.0,0.07,1.49
2019-10-29,603909,7.05,6.83,7.09,6.83,14629,19289941.0,3.69,-3.12,-0.22,1.04
2019-10-30,603909,6.83,6.95,7.06,6.74,14223,18774351.0,4.69,1.76,0.12,1.02
2019-10-31,603909,6.88,7.0,7.06,6.88,11239,14916403.0,2.59,0.72,0.05,0.8
2019-11-01,603909,6.99,6.93,7.0,6.88,14124,18610104.0,1.71,-1.0,-0.07,1.01
2019-11-04,603909,6.89,6.93,7.01,6.89,9349,12362722.0,1.73,0.0,0.0,0.67
2019-11-05,603909,6.89,6.97,6.97,6.83,8542,11211464.0,2.02,0.58,0.04,0.61
2019-11-06,603909,6.93,6.83,6.93,6.77,9411,12241508.0,2.3,-2.01,-0.14,0.67
2019-11-07,603909,6.86,6.92,6.96,6.8,8048,10568080.0,2.34,1.32,0.09,0.57
2019-11-08,603909,6.94,6.87,7.0,6.87,7545,9980504.0,1.88,-0.72,-0.05,0.54
2019-11-11,603909,6.82,6.76,6.84,6.73,9358,12065134.0,1.6,-1.6,-0.11,0.67
2019-11-12,603909,6.89,6.78,6.89,6.6,8235,10516584.0,4.29,0.3,0.02,0.59
2019-11-13,603909,6.83,6.73,6.83,6.66,5782,7401984.0,2.51,-0.74,-0.05,0.41
2019-11-14,603909,6.8,6.82,6.86,6.7,7142,9217308.0,2.38,1.34,0.09,0.51
2019-11-15,603909,6.78,6.81,6.86,6.73,7531,9747262.0,1.91,-0.15,-0.01,0.54
2019-11-18,603909,6.77,6.8,6.82,6.67,9253,11929570.0,2.2,-0.15,-0.01,0.66
2019-11-19,603909,6.81,6.91,6.94,6.78,10162,13328402.0,2.35,1.62,0.11,0.73
2019-11-20,603909,6.87,6.93,6.98,6.86,7431,9775201.0,1.74,0.29,0.02,0.53
2019-11-21,603909,6.97,6.96,6.98,6.87,6190,8170661.0,1.59,0.43,0.03,0.44
2019-11-22,603909,6.99,7.01,7.02,6.93,10624,14123562.0,1.29,0.72,0.05,0.76
2019-11-25,603909,6.97,7.12,7.15,6.88,21975,29494881.0,3.85,1.57,0.11,1.55
2019-11-26,603909,7.11,7.12,7.23,7.06,13666,18539729.0,2.39,0.0,0.0,0.96
2019-11-27,603909,7.1,7.22,7.28,7.03,19047,25996757.0,3.51,1.4,0.1,1.34
2019-11-28,603909,7.22,7.16,7.29,7.14,13055,17862500.0,2.08,-0.83,-0.06,0.92
2019-11-29,603909,7.1,7.1,7.26,7.01,10561,14321901.0,3.49,-0.84,-0.06,0.75
2019-12-02,603909,7.06,7.13,7.21,7.06,8019,10842243.0,2.11,0.42,0.03,0.57
2019-12-03,603909,7.16,7.16,7.19,7.04,8453,11464170.0,2.1,0.42,0.03,0.6
2019-12-04,603909,7.1,7.07,7.19,7.05,8448,11402676.0,1.96,-1.26,-0.09,0.6
2019-12-05,603909,7.05,7.03,7.17,7.0,8682,11649468.0,2.4,-0.57,-0.04,0.61
2019-12-06,603909,7.03,6.98,7.04,6.89,10713,14203756.0,2.13,-0.71,-0.05,0.76
2019-12-09,603909,6.98,6.9,7.04,6.86,9646,12729848.0,2.58,-1.15,-0.08,0.68
2019-12-10,603909,6.9,6.82,6.91,6.78,10096,13123985.0,1.88,-1.16,-0.08,0.71
2019-12-11,603909,6.85,6.8,6.86,6.75,10146,13130130.0,1.61,-0.29,-0.02,0.72
2019-12-12,603909,6.77,6.75,6.81,6.75,7588,9790835.0,0.88,-0.74,-0.05,0.54
2019-12-13,603909,6.8,6.81,6.88,6.77,9031,11714039.0,1.63,0.89,0.06,0.64
2019-12-16,603909,6.86,6.88,6.88,6.78,13664,17773598.0,1.47,1.03,0.07,0.96
2019-12-17,603909,6.83,6.94,6.96,6.8,11989,15755537.0,2.33,0.87,0.06,0.85
2019-12-18,603909,6.95,6.92,6.96,6.91,11472,15125760.0,0.72,-0.29,-0.02,0.81
2019-12-19,603909,6.9,6.95,6.96,6.9,7833,10322698.0,0.87,0.43,0.03,0.55
2019-12-20,603909,6.97,6.96,7.0,6.92,11251,14891359.0,1.15,0.14,0.01,0.79
2019-12-23,603909,6.99,6.77,6.99,6.75,11649,15209669.0,3.45,-2.73,-0.19,0.82
2019-12-24,603909,6.78,6.87,6.9,6.78,6636,8662721.0,1.77,1.48,0.1,0.47
2019-12-25,603909,6.84,6.91,6.95,6.84,10464,13761137.0,1.6,0.58,0.04,0.74
2019-12-26,603909,6.94,6.93,6.94,6.87,14416,18934973.0,1.01,0.29,0.02,1.02
2019-12-27,603909,6.94,7.04,7.09,6.94,19732,26394446.0,2.16,1.59,0.11,1.39
2019-12-30,603909,7.04,7.0,7.06,6.87,15118,19992290.0,2.7,-0.57,-0.04,1.07
2019-12-31,603909,7.0,7.12,7.17,6.91,16071,21525113.0,3.71,1.71,0.12,1.13
2020-01-02,603909,7.2,7.14,7.21,7.07,16642,22509159.0,1.97,0.28,0.02,1.17
2020-01-03,603909,7.15,7.12,7.2,7.08,13948,18887537.0,1.68,-0.28,-0.02,0.98
2020-01-06,603909,7.12,7.11,7.16,7.06,11814,15994002.0,1.4,-0.14,-0.01,0.83
2020-01-07,603909,7.11,7.38,7.39,7.09,44120,60778032.0,4.22,3.8,0.27,3.11
2020-01-08,603909,7.38,7.25,7.59,7.22,31166,43772383.0,5.01,-1.76,-0.13,2.2
2020-01-09,603909,7.27,7.28,7.36,7.23,16528,22871075.0,1.79,0.41,0.03,1.17
2020-01-10,603909,7.28,7.33,7.42,7.16,18389,25444132.0,3.57,0.69,0.05,1.3
2020-01-13,603909,7.33,7.56,7.58,7.33,32294,45754252.0,3.41,3.14,0.23,2.28
2020-01-14,603909,7.56,7.58,7.62,7.46,17464,24957245.0,2.12,0.26,0.02,1.23
2020-01-15,603909,7.59,7.72,7.73,7.47,22056,31761410.0,3.43,1.85,0.14,1.56
2020-01-16,603909,7.7,7.77,8.08,7.64,32246,47960116.0,5.7,0.65,0.05,2.28
2020-01-17,603909,7.79,7.72,7.83,7.6,20860,30451462.0,2.96,-0.64,-0.05,1.47
2020-01-20,603909,7.75,7.63,7.8,7.5,15551,22412258.0,3.89,-1.17,-0.09,1.1
2020-01-21,603909,7.62,7.53,7.76,7.52,11088,16030936.0,3.15,-1.31,-0.1,0.78
2020-01-22,603909,7.53,7.52,7.56,7.27,13419,18861202.0,3.85,-0.13,-0.01,0.95
2020-01-23,603909,7.51,7.36,7.58,7.16,15682,21908262.0,5.59,-2.13,-0.16,1.11
2020-02-03,603909,6.59,6.59,6.7,6.59,17399,21873475.0,1.49,-10.46,-0.77,1.23
2020-02-04,603909,6.01,6.72,6.83,6.01,14331,18055549.0,12.44,1.97,0.13,1.01
2020-02-05,603909,6.79,6.72,6.93,6.65,12288,15834152.0,4.17,0.0,0.0,0.87
2020-02-06,603909,6.71,6.8,6.8,6.55,10727,13641421.0,3.72,1.19,0.08,0.76
2020-02-07,603909,6.88,6.76,6.9,6.67,6864,8793536.0,3.38,-0.59,-0.04,0.48
2020-02-10,603909,6.74,6.76,6.82,6.67,7560,9707812.0,2.22,0.0,0.0,0.53
2020-02-11,603909,6.75,6.66,6.77,6.66,8999,11478832.0,1.63,-1.48,-0.1,0.64
2020-02-12,603909,6.69,6.67,6.7,6.6,9173,11614196.0,1.5,0.15,0.01,0.65
2020-02-13,603909,6.66,6.66,6.69,6.6,7560,9566646.0,1.35,-0.15,-0.01,0.53
2020-02-14,603909,6.66,6.75,6.75,6.6,8493,10801534.0,2.25,1.35,0.09,0.6
2020-02-17,603909,6.73,6.91,6.92,6.71,10804,14113484.0,3.11,2.37,0.16,0.76
2020-02-18,603909,6.91,6.87,6.96,6.83,9788,12802371.0,1.88,-0.58,-0.04,0.69
2020-02-19,603909,6.88,6.9,6.91,6.83,10045,13144221.0,1.16,0.44,0.03,0.71
2020-02-20,603909,6.9,6.97,7.0,6.89,11082,14636848.0,1.59,1.01,0.07,0.78
2020-02-21,603909,6.98,6.91,6.98,6.88,16491,21717587.0,1.43,-0.86,-0.06,1.16
2020-02-24,603909,6.88,6.99,6.99,6.81,21004,27650301.0,2.6,1.16,0.08,1.48
2020-02-25,603909,6.92,6.94,6.95,6.83,14477,18983725.0,1.72,-0.72,-0.05,1.02
2020-02-26,603909,6.84,7.17,7.5,6.84,31571,42893169.0,9.51,3.31,0.23,2.23
2020-02-27,603909,7.19,7.23,7.37,7.13,19022,26146841.0,3.35,0.84,0.06,1.34
2020-02-28,603909,7.05,6.92,7.17,6.92,14986,20024780.0,3.46,-4.29,-0.31,1.06
2020-03-02,603909,6.91,7.39,7.44,6.91,22529,31202835.0,7.66,6.79,0.47,1.59
2020-03-03,603909,7.44,7.64,7.65,7.33,33262,47358000.0,4.33,3.38,0.25,2.35
2020-03-04,603909,7.51,7.89,7.9,7.51,36659,53349600.0,5.1,3.27,0.25,2.59
2020-03-05,603909,8.06,7.83,8.08,7.73,28755,42715213.0,4.44,-0.76,-0.06,2.03
2020-03-06,603909,7.71,7.61,7.79,7.54,23610,34166333.0,3.19,-2.81,-0.22,1.67
2020-03-09,603909,7.48,7.6,7.75,7.43,18783,27141315.0,4.2,-0.13,-0.01,1.33
2020-03-10,603909,7.39,7.71,7.72,7.39,19578,28010443.0,4.34,1.45,0.11,1.38
2020-03-11,603909,7.69,7.67,7.76,7.65,15043,21964824.0,1.43,-0.52,-0.04,1.06
2020-03-12,603909,7.6,7.73,7.75,7.5,18371,26755593.0,3.26,0.78,0.06,1.3
2020-03-13,603909,7.49,7.76,7.76,7.32,23120,33436404.0,5.69,0.39,0.03,1.63
2020-03-16,603909,7.84,7.71,7.9,7.58,19590,28637647.0,4.12,-0.64,-0.05,1.38
2020-03-17,603909,7.61,7.8,7.8,7.39,16130,23270340.0,5.32,1.17,0.09,1.14
2020-03-18,603909,7.82,8.03,8.36,7.65,61616,94073976.0,9.1,2.95,0.23,4.35
2020-03-19,603909,7.95,8.39,8.39,7.82,56603,87433334.0,7.1,4.48,0.36,4.0
2020-03-20,603909,8.47,8.42,8.61,8.11,48373,75559042.0,5.96,0.36,0.03,3.41
2020-03-23,603909,8.2,8.15,8.33,8.12,28029,43607186.0,2.49,-3.21,-0.27,1.98
2020-03-24,603909,8.15,8.13,8.27,7.9,30244,46146775.0,4.54,-0.25,-0.02,2.14
2020-03-25,603909,8.26,8.36,8.46,8.08,42338,66143458.0,4.67,2.83,0.23,2.99
2020-03-26,603909,8.26,8.08,8.28,7.93,24534,37627722.0,4.19,-3.35,-0.28,1.73
2020-03-27,603909,8.12,8.06,8.16,7.95,16052,24474417.0,2.6,-0.25,-0.02,1.13
2020-03-30,603909,7.95,7.7,8.03,7.49,21757,31753933.0,6.7,-4.47,-0.36,1.54
2020-03-31,603909,7.66,7.55,7.73,7.49,13599,19502800.0,3.12,-1.95,-0.15,0.96
2020-04-01,603909,7.54,7.75,7.78,7.44,15880,23134035.0,4.5,2.65,0.2,1.12
2020-04-02,603909,7.75,7.71,7.8,7.59,10448,15176146.0,2.71,-0.52,-0.04,0.74
2020-04-03,603909,7.69,7.81,7.84,7.62,14701,21618153.0,2.85,1.3,0.1,1.04
2020-04-07,603909,7.92,7.95,7.99,7.78,12341,18443056.0,2.69,1.79,0.14,0.87
2020-04-08,603909,7.86,7.88,7.95,7.82,8621,12875411.0,1.64,-0.88,-0.07,0.61
2020-04-09,603909,7.98,8.03,8.06,7.86,13471,20274089.0,2.54,1.9,0.15,0.95
2020-04-10,603909,7.95,8.06,8.14,7.91,15481,23529073.0,2.86,0.37,0.03,1.09
2020-04-13,603909,8.04,8.01,8.2,7.93,13088,19964204.0,3.35,-0.62,-0.05,0.92
2020-04-14,603909,7.95,7.95,8.07,7.93,13762,20777496.0,1.75,-0.75,-0.06,0.97
2020-04-15,603909,7.95,7.83,7.96,7.77,10904,16204012.0,2.39,-1.51,-0.12,0.77
2020-04-16,603909,7.82,7.91,7.94,7.72,9672,14367772.0,2.81,1.02,0.08,0.68
2020-04-17,603909,7.91,7.93,7.99,7.87,10250,15383456.0,1.52,0.25,0.02,0.72
2020-04-20,603909,8.04,7.92,8.04,7.9,10541,15844305.0,1.77,-0.13,-0.01,0.74
2020-04-21,603909,7.89,7.97,8.0,7.76,10946,16434750.0,3.03,0.63,0.05,0.77
2020-04-22,603909,7.93,8.26,8.27,7.88,24165,37048626.0,4.89,3.64,0.29,1.71
2020-04-23,603909,8.22,8.16,8.43,8.11,18800,29259765.0,3.87,-1.21,-0.1,1.33
2020-04-24,603909,8.06,8.4,8.46,7.98,35218,55272878.0,5.88,2.94,0.24,2.49
2020-04-27,603909,8.39,8.01,8.39,8.0,27789,42686965.0,4.64,-4.64,-0.39,1.96
2020-04-28,603909,7.98,7.83,8.01,7.68,15629,23141736.0,4.12,-2.25,-0.18,1.1
2020-04-29,603909,7.89,7.87,7.91,7.76,7923,11795324.0,1.92,0.51,0.04,0.56
2020-04-30,603909,7.84,7.93,8.01,7.83,8214,12327527.0,2.29,0.76,0.06,0.58
2020-05-06,603909,7.84,7.92,8.01,7.82,8326,12494122.0,2.4,-0.13,-0.01,0.59
2020-05-07,603909,7.93,8.31,8.34,7.87,22471,34844320.0,5.93,4.92,0.39,1.59
2020-05-08,603909,8.26,8.23,8.3,8.2,11989,18690925.0,1.2,-0.96,-0.08,0.85
2020-05-11,603909,8.28,8.26,8.3,8.15,10236,15910707.0,1.82,0.36,0.03,0.72
2020-05-12,603909,8.21,8.2,8.28,8.15,7430,11505078.0,1.57,-0.73,-0.06,0.52
2020-05-13,603909,8.16,8.2,8.23,8.16,6699,10378879.0,0.85,0.0,0.0,0.47
2020-05-14,603909,8.2,8.04,8.24,8.04,10277,15769767.0,2.44,-1.95,-0.16,0.73
2020-05-15,603909,8.04,8.08,8.12,7.99,7560,11504481.0,1.62,0.5,0.04,0.53
2020-05-18,603909,8.21,8.0,8.23,8.0,7456,11410423.0,2.85,-0.99,-0.08,0.53
2020-05-19,603909,8.04,8.03,8.13,7.93,6312,9527065.0,2.5,0.38,0.03,0.45
2020-05-20,603909,7.98,7.91,8.03,7.88,6207,9308462.0,1.87,-1.49,-0.12,0.44
2020-05-21,603909,7.86,8.01,8.02,7.86,6944,10428947.0,2.02,1.26,0.1,0.49
2020-05-22,603909,7.91,7.98,8.05,7.91,5612,8462723.0,1.75,-0.37,-0.03,0.4
2020-05-25,603909,8.03,7.97,8.03,7.93,4994,7526648.0,1.25,-0.13,-0.01,0.35
2020-05-26,603909,7.91,8.03,8.04,7.91,5207,7886501.0,1.63,0.75,0.06,0.37
2020-05-27,603909,8.03,8.13,8.13,8.0,10998,16804245.0,1.62,1.25,0.1,0.78
2020-05-28,603909,8.17,7.97,8.17,7.92,8214,12426200.0,3.08,-1.97,-0.16,0.58
2020-05-29,603909,7.91,7.97,8.05,7.91,3753,5663832.0,1.76,0.0,0.0,0.26
2020-06-01,603909,7.77,8.04,8.06,7.77,6623,10039617.0,3.64,0.88,0.07,0.47
2020-06-02,603909,8.06,7.97,8.06,7.95,8553,12955935.0,1.37,-0.87,-0.07,0.6
2020-06-03,603909,8.04,8.1,8.16,7.97,7956,12126511.0,2.38,1.63,0.13,0.56
2020-06-04,603909,8.1,8.16,8.36,8.05,11665,18095168.0,3.83,0.74,0.06,0.82
2020-06-05,603909,8.15,8.22,8.25,8.15,8631,13373884.0,1.23,0.74,0.06,0.61
2020-06-08,603909,8.22,8.17,8.32,8.14,6085,9431514.0,2.19,-0.61,-0.05,0.43
2020-06-09,603909,8.2,8.15,8.22,8.09,6079,9359180.0,1.59,-0.24,-0.02,0.43
2020-06-10,603909,8.14,8.14,8.17,8.1,6291,9675187.0,0.86,-0.12,-0.01,0.44
2020-06-11,603909,8.11,8.14,8.18,8.09,6479,9965399.0,1.11,0.0,0.0,0.46
2020-06-12,603909,8.1,8.2,8.22,8.04,7841,12072332.0,2.21,0.74,0.06,0.55
2020-06-15,603909,8.23,8.26,8.34,8.17,12454,19444201.0,2.07,0.73,0.06,0.88
2020-06-16,603909,8.23,8.22,8.31,8.2,7837,12185751.0,1.33,-0.48,-0.04,0.55
2020-06-17,603909,8.25,8.27,8.3,8.2,10480,16338670.0,1.22,0.61,0.05,0.74
2020-06-18,603909,8.23,8.18,8.29,8.12,8857,13715983.0,2.06,-1.09,-0.09,0.63
2020-06-19,603909,8.16,8.17,8.21,8.07,6758,10426423.0,1.71,-0.12,-0.01,0.48
2020-06-22,603909,8.2,8.15,8.2,8.13,5793,8939976.0,0.86,-0.24,-0.02,0.41
2020-06-23,603909,8.11,8.16,8.2,8.09,14347,22081988.0,1.35,0.12,0.01,1.01
2020-06-24,603909,8.21,8.16,8.21,8.14,6773,10455277.0,0.86,0.0,0.0,0.48
2020-06-29,603909,8.15,8.01,8.15,7.99,6971,10609934.0,1.96,-1.84,-0.15,0.49
2020-06-30,603909,8.03,8.08,8.12,8.01,8807,13433268.0,1.37,0.87,0.07,0.62
2020-07-01,603909,8.04,8.14,8.17,8.03,6209,9528215.0,1.73,0.74,0.06,0.44
2020-07-02,603909,8.11,8.29,8.39,8.11,12058,18845349.0,3.44,1.84,0.15,0.85
2020-07-03,603909,8.31,8.72,8.78,8.25,25754,41612074.0,6.39,5.19,0.43,1.82
2020-07-06,603909,8.74,8.6,8.98,8.53,56085,92236288.0,5.16,-1.38,-0.12,3.96
2020-07-07,603909,8.63,9.1,9.42,8.53,43950,73761375.0,10.35,5.81,0.5,3.1
2020-07-08,603909,9.03,9.11,9.21,8.98,35829,61409915.0,2.53,0.11,0.01,2.53
2020-07-09,603909,9.03,9.05,9.14,8.95,38065,64849950.0,2.09,-0.66,-0.06,2.69
2020-07-10,603909,8.98,9.09,9.18,8.93,31563,53744180.0,2.76,0.44,0.04,2.23
2020-07-13,603909,9.09,9.25,9.28,9.01,19972,34502960.0,2.97,1.76,0.16,1.41
2020-07-14,603909,9.3,9.12,9.3,9.04,18657,32059839.0,2.81,-1.41,-0.13,1.32
2020-07-15,603909,9.11,9.08,9.27,8.98,14247,24408276.0,3.18,-0.44,-0.04,1.01
2020-07-16,603909,9.15,8.89,9.2,8.88,14361,24430685.0,3.52,-2.09,-0.19,1.01
2020-07-17,603909,8.89,8.99,9.03,8.75,10636,17739979.0,3.15,1.12,0.1,0.75
2020-07-20,603909,9.01,9.2,9.21,9.01,17398,29952090.0,2.22,2.34,0.21,1.23
2020-07-21,603909,9.3,9.25,9.34,9.03,27416,47430527.0,3.37,0.54,0.05,1.94
2020-07-22,603909,9.23,9.36,9.41,9.12,25308,44487680.0,3.14,1.19,0.11,1.79
2020-07-23,603909,9.36,9.08,9.37,8.99,17854,30745014.0,4.06,-2.99,-0.28,1.26
2020-07-24,603909,9.19,9.13,9.23,8.81,22433,38201784.0,4.63,0.55,0.05,1.58
2020-07-27,603909,8.87,9.14,9.28,8.85,12510,21420760.0,4.71,0.11,0.01,0.88
2020-07-28,603909,9.14,9.14,9.27,9.08,10699,18480259.0,2.08,0.0,0.0,0.76
2020-07-29,603909,9.25,9.15,9.25,8.97,18033,30988430.0,3.06,0.11,0.01,1.27
2020-07-30,603909,9.24,9.16,9.24,9.1,13668,23554356.0,1.53,0.11,0.01,0.96
2020-07-31,603909,9.14,9.23,9.27,9.05,21511,37270837.0,2.4,0.76,0.07,1.52
2020-08-03,603909,9.24,9.32,9.4,9.09,25116,43734975.0,3.36,0.98,0.09,1.77
2020-08-04,603909,9.31,9.9,9.95,9.25,53180,97473975.0,7.51,6.22,0.58,3.75
2020-08-05,603909,9.73,10.2,10.4,9.51,56413,106694086.0,8.99,3.03,0.3,3.98
2020-08-06,603909,10.25,10.14,10.3,9.99,27287,51701088.0,3.04,-0.59,-0.06,1.93
2020-08-07,603909,10.13,10.04,10.13,9.76,40121,74866209.0,3.65,-0.99,-0.1,2.83
2020-08-10,603909,10.18,9.86,10.18,9.81,17279,32138070.0,3.69,-1.79,-0.18,1.22
2020-08-11,603909,9.9,9.84,10.06,9.8,16019,29792525.0,2.64,-0.2,-0.02,1.13
2020-08-12,603909,9.8,9.94,10.05,9.71,13812,25556383.0,3.46,1.02,0.1,0.98
2020-08-13,603909,10.0,10.01,10.1,9.88,13740,25813218.0,2.21,0.7,0.07,0.97
2020-08-14,603909,10.01,9.91,10.22,9.86,11398,21394863.0,3.6,-1.0,-0.1,0.8
2020-08-17,603909,9.91,9.84,9.93,9.65,16017,29521275.0,2.83,-0.71,-0.07,1.13
2020-08-18,603909,9.87,10.12,10.22,9.76,22777,42865755.0,4.67,2.85,0.28,1.61
2020-08-19,603909,10.1,9.77,10.1,9.76,13817,25720170.0,3.36,-3.46,-0.35,0.98
2020-08-20,603909,9.73,9.88,10.01,9.69,10366,19263630.0,3.28,1.13,0.11,0.73
2020-08-21,603909,9.89,10.09,10.09,9.82,11052,20777075.0,2.73,2.13,0.21,0.78
2020-08-24,603909,10.21,10.1,10.21,9.91,16088,30412250.0,2.97,0.1,0.01,1.14
2020-08-25,603909,10.12,9.97,10.14,9.89,21962,41104725.0,2.48,-1.29,-0.13,1.55
2020-08-26,603909,9.98,10.14,10.21,9.86,18062,34167626.0,3.51,1.71,0.17,1.28
2020-08-27,603909,10.12,10.05,10.45,9.95,24786,47060094.0,4.93,-0.89,-0.09,1.75
2020-08-28,603909,9.99,10.2,10.29,9.96,17380,33071974.0,3.28,1.49,0.15,1.23
2020-08-31,603909,10.21,10.67,10.8,10.09,29723,58604493.0,6.96,4.61,0.47,2.1
2020-09-01,603909,10.73,10.54,10.84,10.42,17073,33957334.0,3.94,-1.22,-0.13,1.21
2020-09-02,603909,10.63,10.5,10.63,10.41,17240,33921973.0,2.09,-0.38,-0.04,1.22
2020-09-03,603909,10.53,10.62,10.83,10.34,23795,47229813.0,4.67,1.14,0.12,1.68
2020-09-08,603909,10.66,9.85,11.42,9.53,76888,149016930.0,17.8,-7.25,-0.77,5.43
2020-09-09,603909,9.34,9.3,9.58,9.03,59331,103433596.0,5.58,-5.58,-0.55,4.19
2020-09-10,603909,9.3,9.31,9.67,8.75,41192,71947597.0,9.89,0.11,0.01,2.91
2020-09-11,603909,9.3,9.92,10.15,9.3,43980,80766007.0,9.13,6.55,0.61,3.1
2020-09-14,603909,9.94,9.43,9.95,9.12,40177,71576502.0,8.37,-4.94,-0.49,2.84
2020-09-15,603909,9.32,9.5,9.69,9.19,15041,26895297.0,5.3,0.74,0.07,1.06
2020-09-16,603909,9.43,9.27,9.52,9.19,24657,43321363.0,3.47,-2.42,-0.23,1.74
2020-09-17,603909,9.33,9.21,9.33,8.98,36322,62273769.0,3.78,-0.65,-0.06,2.56
2020-09-18,603909,9.3,9.2,9.3,9.11,11788,20396189.0,2.06,-0.11,-0.01,0.83
2020-09-21,603909,9.3,9.09,9.3,9.03,10976,18781359.0,2.93,-1.2,-0.11,0.77
2020-09-22,603909,9.11,8.88,9.11,8.81,14896,25115793.0,3.3,-2.31,-0.21,1.05
2020-09-23,603909,8.89,9.11,9.23,8.82,14691,25050407.0,4.62,2.59,0.23,1.04
2020-09-24,603909,9.08,9.2,9.25,8.94,30141,51666082.0,3.4,0.99,0.09,2.13
2020-09-25,603909,9.2,9.29,9.5,9.02,22859,39816171.0,5.22,0.98,0.09,1.61
2020-09-28,603909,9.34,9.21,9.34,8.98,12913,22243617.0,3.88,-0.86,-0.08,0.91
2020-09-29,603909,9.25,9.26,9.44,9.15,10298,17972768.0,3.15,0.54,0.05,0.73
2020-09-30,603909,9.26,9.34,9.44,9.09,8783,15344830.0,3.78,0.86,0.08,0.62
2020-10-09,603909,9.34,9.34,9.43,9.25,11120,19548532.0,1.93,0.0,0.0,0.78
2020-10-12,603909,9.33,9.37,9.43,9.25,14524,25494928.0,1.93,0.32,0.03,1.03
2020-10-13,603909,9.41,9.58,9.69,9.31,17112,30582861.0,4.06,2.24,0.21,1.21
2020-10-14,603909,9.58,9.46,9.61,9.39,10861,19392661.0,2.3,-1.25,-0.12,0.77
2020-10-15,603909,9.41,9.47,9.54,9.25,9545,16875765.0,3.07,0.11,0.01,0.67
2020-10-16,603909,9.47,9.37,9.47,9.31,5126,9037457.0,1.69,-1.06,-0.1,0.36
2020-10-19,603909,9.5,9.38,9.5,9.25,8679,15253813.0,2.67,0.11,0.01,0.61
2020-10-20,603909,9.41,9.34,9.41,9.26,8334,14591559.0,1.6,-0.43,-0.04,0.59
2020-10-21,603909,9.39,9.67,9.89,9.25,32702,58955851.0,6.85,3.53,0.33,2.31
2020-10-22,603909,9.57,9.66,9.77,9.2,26788,47818387.0,5.89,-0.1,-0.01,1.89
2020-10-23,603909,9.57,9.59,9.74,9.39,16132,28966551.0,3.62,-0.72,-0.07,1.14
2020-10-26,603909,9.52,9.59,9.67,9.37,12926,23208482.0,3.13,0.0,0.0,0.91
2020-10-27,603909,9.59,9.6,9.61,9.43,16420,29483904.0,1.88,0.1,0.01,1.16
2020-10-28,603909,9.58,9.69,9.79,9.47,18355,33168712.0,3.33,0.94,0.09,1.3
2020-10-29,603909,9.55,9.7,9.78,9.51,12489,22678241.0,2.79,0.1,0.01,0.88
2020-10-30,603909,9.68,9.6,9.68,9.45,7815,14026497.0,2.37,-1.03,-0.1,0.55
2020-11-02,603909,9.57,9.47,9.57,9.31,9840,17339845.0,2.71,-1.35,-0.13,0.69
2020-11-03,603909,9.46,9.47,9.57,9.31,17613,31199258.0,2.75,0.0,0.0,1.24
2020-11-04,603909,9.41,9.48,9.52,9.32,13311,23658512.0,2.11,0.11,0.01,0.94
2020-11-05,603909,9.48,9.41,9.51,9.37,10823,19221830.0,1.48,-0.74,-0.07,0.76
2020-11-06,603909,9.96,9.85,10.21,9.59,29051,53781201.0,6.59,4.68,0.44,2.05
2020-11-09,603909,9.75,9.7,9.85,9.54,18151,32956501.0,3.15,-1.52,-0.15,1.28
2020-11-10,603909,9.69,9.7,9.76,9.47,19848,35955317.0,2.99,0.0,0.0,1.4
2020-11-11,603909,9.66,9.72,9.78,9.55,18094,32873074.0,2.37,0.21,0.02,1.28
2020-11-12,603909,9.73,9.77,9.82,9.58,16465,29949551.0,2.47,0.51,0.05,1.16
2020-11-13,603909,9.78,9.91,10.34,9.6,36134,67453374.0,7.57,1.43,0.14,2.55
2020-11-16,603909,9.85,9.91,9.98,9.69,10757,19954327.0,2.93,0.0,0.0,0.76
2020-11-17,603909,9.89,9.86,9.89,9.79,10784,19924367.0,1.01,-0.5,-0.05,0.76
2020-11-18,603909,9.85,9.93,10.0,9.8,21638,40302720.0,2.03,0.71,0.07,1.53
2020-11-19,603909,9.93,10.32,10.41,9.85,33985,65229457.0,5.64,3.93,0.39,2.4
2020-11-20,603909,10.31,10.25,10.34,10.12,14377,27597327.0,2.13,-0.68,-0.07,1.01
2020-11-23,603909,10.13,10.05,10.21,9.8,43588,82001051.0,4.0,-1.95,-0.2,3.08
2020-11-24,603909,10.03,10.34,10.4,9.99,16397,31548025.0,4.08,2.89,0.29,1.16
2020-11-25,603909,10.36,10.28,10.48,10.21,14789,28616302.0,2.61,-0.58,-0.06,1.03
2020-11-26,603909,10.28,10.25,10.52,10.23,18099,35048727.0,2.82,-0.29,-0.03,1.26
2020-11-27,603909,10.39,10.18,10.39,10.09,10994,21035587.0,2.93,-0.68,-0.07,0.77
2020-11-30,603909,10.22,10.06,10.22,9.93,13131,24736010.0,2.85,-1.18,-0.12,0.92
2020-12-01,603909,10.01,10.14,10.19,9.99,7819,14820174.0,1.99,0.8,0.08,0.55
2020-12-02,603909,10.08,10.12,10.15,10.01,4701,8908430.0,1.38,-0.2,-0.02,0.33
2020-12-03,603909,10.11,10.22,10.35,10.05,9252,17736640.0,2.96,0.99,0.1,0.65
2020-12-04,603909,10.22,10.17,10.26,9.99,13227,25199354.0,2.64,-0.49,-0.05,0.92
2020-12-07,603909,10.16,10.08,10.16,9.97,5860,11046245.0,1.87,-0.88,-0.09,0.41
2020-12-08,603909,10.03,10.03,10.22,9.99,11740,22225213.0,2.28,-0.5,-0.05,0.82
2020-12-09,603909,10.03,10.19,10.37,9.97,20596,39407536.0,3.99,1.6,0.16,1.44
2020-12-10,603909,10.23,10.22,10.28,10.14,11031,21140556.0,1.37,0.29,0.03,0.77
2020-12-11,603909,10.22,10.21,10.23,10.07,12333,23556894.0,1.57,-0.1,-0.01,0.86
2020-12-14,603909,10.21,10.3,10.34,10.15,16607,31957709.0,1.86,0.88,0.09,1.16
2020-12-15,603909,10.29,10.44,10.44,10.23,26279,51046524.0,2.04,1.36,0.14,1.83
2020-12-16,603909,10.36,10.51,10.66,10.36,22529,44341233.0,2.87,0.67,0.07,1.57
2020-12-17,603909,10.51,10.29,10.57,10.16,28114,54771722.0,3.9,-2.09,-0.22,1.96
2020-12-18,603909,10.23,10.26,10.41,10.03,27893,53635827.0,3.69,-0.29,-0.03,1.95
2020-12-21,603909,10.31,10.29,10.33,10.12,44976,86343414.0,2.05,0.29,0.03,3.14
2020-12-22,603909,10.28,10.38,10.78,10.21,86733,171353248.0,5.54,0.87,0.09,6.06
2020-12-23,603909,9.31,9.31,9.41,9.31,56899,99633898.0,0.96,-10.31,-1.07,3.97
2020-12-24,603909,8.37,9.35,9.48,8.34,77661,125295867.0,12.24,0.43,0.04,5.42
2020-12-25,603909,8.95,8.91,9.33,8.7,47001,79035051.0,6.74,-4.71,-0.44,3.28
2020-12-28,603909,8.93,8.53,8.93,8.36,12786,20529404.0,6.4,-4.26,-0.38,0.89
2020-12-29,603909,8.48,8.22,8.48,8.11,14920,23255793.0,4.34,-3.63,-0.31,1.04
2020-12-30,603909,8.2,8.14,8.28,7.99,11474,17588589.0,3.53,-0.97,-0.08,0.8
2020-12-31,603909,8.17,8.14,8.39,7.92,18337,27702873.0,5.77,0.0,0.0,1.28
2021-01-04,603909,8.05,8.18,8.2,7.92,14760,22584628.0,3.44,0.49,0.04,1.03
2021-01-05,603909,8.1,8.1,8.23,8.05,11889,18285359.0,2.2,-0.98,-0.08,0.83
2021-01-06,603909,8.1,8.13,8.18,8.02,13764,21088515.0,1.98,0.37,0.03,0.96
2021-01-07,603909,8.12,8.1,8.19,8.04,9552,14670076.0,1.85,-0.37,-0.03,0.67
2021-01-08,603909,8.14,7.94,8.14,7.71,16265,24299126.0,5.31,-1.98,-0.16,1.14
2021-01-11,603909,7.87,8.07,8.08,7.8,11497,17386034.0,3.53,1.64,0.13,0.8
2021-01-12,603909,8.0,8.06,8.09,7.86,10005,15191127.0,2.85,-0.12,-0.01,0.7
2021-01-13,603909,8.09,8.2,8.22,7.97,18764,28870258.0,3.1,1.74,0.14,1.31
2021-01-14,603909,8.3,8.31,8.42,8.13,20728,32461405.0,3.54,1.34,0.11,1.45
2021-01-15,603909,8.27,8.31,8.41,8.27,11706,18430807.0,1.68,0.0,0.0,0.82
2021-01-18,603909,8.42,8.31,8.42,8.23,16006,25157809.0,2.29,0.0,0.0,1.12
2021-01-19,603909,8.33,8.64,8.84,8.3,24477,39614909.0,6.5,3.97,0.33,1.71
2021-01-20,603909,8.62,8.66,8.9,8.57,11526,18857516.0,3.82,0.23,0.02,0.8
2021-01-21,603909,8.75,8.55,8.77,8.48,8932,14429341.0,3.35,-1.27,-0.11,0.62
2021-01-22,603909,8.62,8.66,8.78,8.49,12593,20572978.0,3.39,1.29,0.11,0.88
2021-01-25,603909,8.66,8.32,8.66,8.22,8930,14103417.0,5.08,-3.93,-0.34,0.62
2021-01-26,603909,8.32,8.3,8.34,7.96,15878,24580644.0,4.57,-0.24,-0.02,1.11
2021-01-27,603909,8.33,8.45,8.51,8.22,9693,15363403.0,3.49,1.81,0.15,0.68
2021-01-28,603909,8.34,8.55,8.61,8.34,11907,19181579.0,3.2,1.18,0.1,0.83
2021-01-29,603909,8.45,8.48,8.59,8.37,8554,13727325.0,2.57,-0.82,-0.07,0.6
2021-02-01,603909,8.45,8.49,8.51,8.26,15098,23879309.0,2.95,0.12,0.01,1.05
2021-02-02,603909,8.43,8.56,8.61,8.33,12209,19630729.0,3.3,0.82,0.07,0.85
2021-02-03,603909,8.56,8.49,8.6,8.47,11371,18273583.0,1.52,-0.82,-0.07,0.79
2021-02-04,603909,8.43,8.54,8.55,8.42,10779,17270408.0,1.53,0.59,0.05,0.75
2021-02-05,603909,8.49,8.5,8.61,8.42,11332,18242242.0,2.22,-0.47,-0.04,0.79
2021-02-08,603909,8.45,8.34,8.5,8.3,10393,16466738.0,2.35,-1.88,-0.16,0.73
2021-02-09,603909,8.3,8.31,8.39,8.21,7630,11990646.0,2.16,-0.36,-0.03,0.53
2021-02-10,603909,8.26,8.27,8.36,8.21,9452,14811896.0,1.81,-0.48,-0.04,0.66
2021-02-18,603909,8.3,8.21,8.33,8.12,7476,11588348.0,2.54,-0.73,-0.06,0.52
2021-02-19,603909,8.21,8.24,8.27,8.17,4535,7053617.0,1.22,0.37,0.03,0.32
2021-02-22,603909,8.25,8.56,8.6,8.24,16497,26253492.0,4.37,3.88,0.32,1.15
2021-02-23,603909,8.56,8.5,8.56,8.36,14434,23055893.0,2.34,-0.7,-0.06,1.01
2021-02-24,603909,8.38,8.61,8.64,8.38,11721,18835291.0,3.06,1.29,0.11,0.82
2021-02-25,603909,8.61,8.6,8.73,8.45,14350,23330422.0,3.25,-0.12,-0.01,1.0
2021-02-26,603909,8.51,8.49,8.53,8.44,3507,5618032.0,1.05,-1.28,-0.11,0.24
2021-03-01,603909,8.57,8.53,8.57,8.48,2757,4431760.0,1.06,0.47,0.04,0.19
2021-03-02,603909,8.49,8.61,8.72,8.49,7185,11659991.0,2.7,0.94,0.08,0.5
2021-03-03,603909,8.59,8.64,8.72,8.52,9583,15555000.0,2.32,0.35,0.03,0.67
2021-03-04,603909,8.59,8.65,8.66,8.45,8517,13863186.0,2.43,0.12,0.01,0.59
2021-03-05,603909,8.58,8.98,8.98,8.58,16046,26628476.0,4.62,3.82,0.33,1.12
2021-03-08,603909,8.95,9.03,9.11,8.76,8690,14712553.0,3.9,0.56,0.05,0.61
2021-03-09,603909,8.97,9.05,9.11,8.86,8095,13728705.0,2.77,0.22,0.02,0.57
2021-03-10,603909,9.03,9.13,9.17,8.95,6976,11926688.0,2.43,0.88,0.08,0.49
2021-03-11,603909,9.12,9.13,9.21,9.04,6551,11240557.0,1.86,0.0,0.0,0.46
2021-03-12,603909,9.03,9.19,9.23,9.03,7297,12568489.0,2.19,0.66,0.06,0.51
2021-03-15,603909,9.28,9.21,9.28,9.11,4786,8270025.0,1.85,0.22,0.02,0.33
2021-03-16,603909,9.15,9.35,9.37,9.15,11947,20835558.0,2.39,1.52,0.14,0.83
2021-03-17,603909,9.3,9.44,9.46,9.28,7631,13482213.0,1.93,0.96,0.09,0.53
2021-03-18,603909,9.41,9.21,9.51,9.09,13111,22875682.0,4.45,-2.44,-0.23,0.92
2021-03-19,603909,9.15,9.3,9.36,9.1,10319,17933814.0,2.82,0.98,0.09,0.72
2021-03-22,603909,9.25,9.11,9.34,9.05,9785,16915444.0,3.12,-2.04,-0.19,0.68
2021-03-23,603909,9.08,9.13,9.16,8.97,6417,10963129.0,2.09,0.22,0.02,0.45
2021-03-24,603909,9.08,9.12,9.22,9.0,6010,10321341.0,2.41,-0.11,-0.01,0.42
2021-03-25,603909,9.09,9.19,9.2,9.02,6532,11213528.0,1.97,0.77,0.07,0.46
2021-03-26,603909,9.14,9.3,9.32,9.12,4918,8565813.0,2.18,1.2,0.11,0.34
2021-03-29,603909,9.3,9.29,9.36,9.22,3542,6186202.0,1.51,-0.11,-0.01,0.25
2021-03-30,603909,9.25,9.2,9.25,9.14,4634,8021296.0,1.18,-0.97,-0.09,0.32
2021-03-31,603909,9.12,9.3,9.34,9.08,7047,12296912.0,2.83,1.09,0.1,0.49
2021-04-01,603909,9.27,9.28,9.37,9.21,6060,10591311.0,1.72,-0.22,-0.02,0.42
2021-04-02,603909,9.23,9.35,9.39,9.23,5648,9911301.0,1.72,0.75,0.07,0.39
2021-04-06,603909,9.41,9.31,9.41,9.26,4528,7933528.0,1.6,-0.43,-0.04,0.32
2021-04-07,603909,9.25,8.95,9.37,8.77,13614,23185178.0,6.44,-3.87,-0.36,0.95
2021-04-08,603909,8.89,8.98,9.05,8.6,15200,25242105.0,5.03,0.34,0.03,1.06
2021-04-09,603909,8.81,8.75,8.95,8.61,14439,23738601.0,3.79,-2.56,-0.23,1.01
2021-04-12,603909,8.98,8.86,9.03,8.66,6639,11109489.0,4.23,1.26,0.11,0.46
2021-04-13,603909,8.75,8.8,8.82,8.65,4475,7371310.0,1.92,-0.68,-0.06,0.31
2021-04-14,603909,8.72,8.91,8.98,8.56,7635,12661299.0,4.77,1.25,0.11,0.53
2021-04-15,603909,8.82,8.75,8.91,8.68,5911,9770619.0,2.58,-1.8,-0.16,0.41
2021-04-16,603909,8.67,8.78,8.83,8.66,4678,7735002.0,1.94,0.34,0.03,0.33
2021-04-19,603909,8.72,8.67,8.88,8.49,13879,22672406.0,4.44,-1.25,-0.11,0.97
2021-04-20,603909,8.66,8.61,8.74,8.42,15563,25240640.0,3.69,-0.69,-0.06,1.09
2021-04-21,603909,8.59,8.83,8.91,8.46,16823,27738056.0,5.23,2.56,0.22,1.17
2021-04-22,603909,8.84,8.95,9.0,8.7,15610,26181133.0,3.4,1.36,0.12,1.09
2021-04-23,603909,9.01,8.99,9.17,8.82,9406,15911789.0,3.91,0.45,0.04,0.66
2021-04-26,603909,8.97,8.93,9.04,8.82,5632,9481036.0,2.45,-0.67,-0.06,0.39
2021-04-27,603909,8.88,8.82,8.91,8.81,4493,7497596.0,1.12,-1.23,-0.11,0.31
2021-04-28,603909,8.91,8.94,8.94,8.8,5480,9187406.0,1.59,1.36,0.12,0.38
2021-04-29,603909,9.01,9.1,9.12,8.95,8229,14063560.0,1.9,1.79,0.16,0.57
2021-04-30,603909,9.08,9.12,9.14,9.05,6320,10846653.0,0.99,0.22,0.02,0.44
2021-05-06,603909,9.05,9.16,9.21,9.03,5139,8844605.0,1.97,0.44,0.04,0.36
2021-05-07,603909,9.16,9.22,9.22,9.05,4038,6923824.0,1.86,0.66,0.06,0.28
2021-05-10,603909,9.13,9.18,9.27,9.13,9239,15967945.0,1.52,-0.43,-0.04,0.65
2021-05-11,603909,9.3,9.46,9.52,9.26,21379,37913803.0,2.83,3.05,0.28,1.49
2021-05-12,603909,9.31,9.41,9.45,9.25,9064,15973301.0,2.11,-0.53,-0.05,0.63
2021-05-13,603909,9.35,9.41,9.41,9.15,8227,14379204.0,2.76,0.0,0.0,0.57
2021-05-14,603909,9.3,9.51,9.51,9.3,13649,24219172.0,2.23,1.06,0.1,0.95
2021-05-17,603909,9.48,9.58,9.58,9.34,8111,14453156.0,2.52,0.74,0.07,0.57
2021-05-18,603909,9.47,9.39,9.64,9.36,6736,12007293.0,2.92,-1.98,-0.19,0.47
2021-05-19,603909,9.34,9.56,9.62,9.34,10868,19498576.0,2.98,1.81,0.17,0.76
2021-05-20,603909,9.56,9.52,9.68,9.45,8318,14954591.0,2.41,-0.42,-0.04,0.58
2021-05-21,603909,9.47,9.51,9.57,9.41,4072,7271299.0,1.68,-0.11,-0.01,0.28
2021-05-24,603909,9.53,9.56,9.59,9.42,6418,11465846.0,1.79,0.53,0.05,0.45
2021-05-25,603909,9.61,9.65,9.69,9.49,9040,16353336.0,2.09,0.94,0.09,0.63
2021-05-26,603909,9.66,9.65,9.68,9.56,7001,12673682.0,1.24,0.0,0.0,0.49
2021-05-27,603909,9.6,9.75,9.76,9.58,11513,20956609.0,1.87,1.04,0.1,0.8
2021-05-28,603909,9.76,9.79,9.81,9.69,9430,17294729.0,1.23,0.41,0.04,0.66
2021-05-31,603909,9.74,9.77,9.77,9.67,6573,12013979.0,1.02,-0.2,-0.02,0.46
2021-06-01,603909,9.81,9.82,10.03,9.67,20762,38465428.0,3.68,0.51,0.05,1.45
2021-06-02,603909,9.78,9.71,9.91,9.23,21652,39164369.0,6.92,-1.12,-0.11,1.51
2021-06-03,603909,9.67,9.7,9.82,9.52,12036,21978249.0,3.09,-0.1,-0.01,0.84
2021-06-04,603909,9.62,9.67,9.84,9.56,11225,20405580.0,2.89,-0.31,-0.03,0.78
2021-06-07,603909,9.67,9.77,10.34,9.49,12831,16691653.0,8.79,1.03,0.1,0.64
2021-06-08,603909,9.8,9.75,9.83,9.5,15582,20183398.0,3.38,-0.2,-0.02,0.78
2021-06-09,603909,9.61,9.99,10.02,9.59,20552,26888963.0,4.41,2.46,0.24,1.02
2021-06-10,603909,9.98,10.09,10.17,9.87,22607,30326805.0,3.0,1.0,0.1,1.13
2021-06-11,603909,10.14,10.19,10.21,9.98,14708,19898920.0,2.28,0.99,0.1,0.73
2021-06-15,603909,10.02,10.35,10.36,10.02,21726,29718881.0,3.34,1.57,0.16,1.08
2021-06-16,603909,10.32,10.28,10.43,10.16,13978,19253439.0,2.61,-0.68,-0.07,0.7
2021-06-17,603909,10.26,10.5,10.68,10.26,36179,50806105.0,4.09,2.14,0.22,1.8
2021-06-22,603909,11.57,10.63,11.58,10.5,76182,112848919.0,10.29,1.24,0.13,3.8
2021-06-23,603909,10.48,11.34,11.64,10.24,74261,108762293.0,13.17,6.68,0.71,3.7
2021-06-24,603909,11.26,11.41,11.43,11.04,48924,73688692.0,3.44,0.62,0.07,2.44
2021-06-25,603909,11.26,11.18,11.58,11.03,65331,97802209.0,4.82,-2.02,-0.23,3.26
2021-06-28,603909,10.95,11.04,11.24,10.88,35908,52991800.0,3.22,-1.25,-0.14,1.79
2021-06-29,603909,11.05,10.95,11.19,10.88,32812,48404678.0,2.81,-0.82,-0.09,1.64
2021-06-30,603909,11.07,11.08,11.25,10.94,33891,50113829.0,2.83,1.19,0.13,1.69
2021-07-01,603909,11.01,11.24,11.24,10.96,28646,42416033.0,2.53,1.44,0.16,1.43
2021-07-02,603909,11.26,11.22,11.33,11.0,17820,26482582.0,2.94,-0.18,-0.02,0.89
2021-07-05,603909,11.2,11.21,11.3,11.05,16063,23907865.0,2.23,-0.09,-0.01,0.8
2021-07-06,603909,11.19,11.17,11.27,11.02,24570,36514949.0,2.23,-0.36,-0.04,1.23
2021-07-07,603909,11.18,11.03,11.25,10.92,16853,24793293.0,2.95,-1.25,-0.14,0.84
2021-07-08,603909,11.02,11.11,11.21,10.93,21833,32302134.0,2.54,0.73,0.08,1.09
2021-07-09,603909,11.11,11.11,11.33,10.98,23456,34879675.0,3.15,0.0,0.0,1.17
2021-07-12,603909,11.21,11.1,11.21,11.05,16136,23912067.0,1.44,-0.09,-0.01,0.8
2021-07-13,603909,11.15,11.91,11.91,11.02,49884,77259785.0,8.02,7.3,0.81,2.49
2021-07-14,603909,11.94,11.9,12.01,11.67,28760,45518087.0,2.85,-0.08,-0.01,1.43
2021-07-15,603909,11.84,12.09,12.1,11.7,30003,47881022.0,3.36,1.6,0.19,1.5
2021-07-16,603909,12.03,12.03,12.29,11.87,35034,56310060.0,3.47,-0.5,-0.06,1.75
2021-07-19,603909,11.97,12.22,12.41,11.8,50977,82528193.0,5.07,1.58,0.19,2.54
2021-07-20,603909,12.18,12.16,12.43,11.95,33137,53499913.0,3.93,-0.49,-0.06,1.65
2021-07-21,603909,12.08,12.27,12.34,12.08,27278,44462175.0,2.14,0.9,0.11,1.36
2021-07-22,603909,12.35,12.31,12.4,12.16,14119,23105427.0,1.96,0.33,0.04,0.7
2021-07-23,603909,12.23,12.41,12.49,12.23,16167,26676224.0,2.11,0.81,0.1,0.81
2021-07-26,603909,12.41,12.79,12.91,12.27,31446,53137047.0,5.16,3.06,0.38,1.57
2021-07-27,603909,12.76,12.64,12.88,12.58,18831,31913044.0,2.35,-1.17,-0.15,0.94
2021-07-28,603909,12.57,12.41,12.68,11.8,19692,32551804.0,6.96,-1.82,-0.23,0.98
2021-07-29,603909,12.54,12.91,13.04,12.45,27784,47382497.0,4.75,4.03,0.5,1.39
2021-07-30,603909,12.8,12.72,13.05,12.58,17131,29072798.0,3.64,-1.47,-0.19,0.85
2021-08-02,603909,12.72,12.8,12.84,12.49,19575,32970661.0,2.75,0.63,0.08,0.98
2021-08-03,603909,12.64,12.73,12.85,12.63,12450,21099223.0,1.72,-0.55,-0.07,0.62
2021-08-04,603909,12.81,12.72,12.84,12.65,11758,19851228.0,1.49,-0.08,-0.01,0.59
2021-08-05,603909,12.72,13.21,13.44,12.65,49345,85337466.0,6.21,3.85,0.49,2.46
2021-08-06,603909,13.22,13.02,13.24,12.78,41030,70606119.0,3.48,-1.44,-0.19,2.05
2021-08-09,603909,13.01,13.21,13.41,12.88,36400,63443267.0,4.07,1.46,0.19,1.82
2021-08-10,603909,13.08,12.97,13.21,12.87,24634,42596534.0,2.57,-1.82,-0.24,1.23
2021-08-11,603909,12.96,12.69,13.0,12.41,35630,60052328.0,4.55,-2.16,-0.28,1.78
2021-08-12,603909,12.78,12.63,12.8,12.46,30076,50477475.0,2.68,-0.47,-0.06,1.5
2021-08-13,603909,12.63,12.94,13.23,12.54,42565,73121528.0,5.46,2.45,0.31,2.12
2021-08-16,603909,12.89,12.96,13.14,12.8,22483,38715253.0,2.63,0.15,0.02,1.12
2021-08-17,603909,13.01,12.34,13.03,12.14,25664,42490468.0,6.87,-4.78,-0.62,1.28
2021-08-18,603909,12.28,12.36,12.54,12.15,19507,32087440.0,3.16,0.16,0.02,0.97
2021-08-19,603909,12.26,12.57,12.61,12.26,17875,29736794.0,2.83,1.7,0.21,0.89
2021-08-20,603909,12.53,12.86,13.02,12.42,32823,55972885.0,4.77,2.31,0.29,1.64
2021-08-23,603909,12.78,12.99,13.07,12.74,28817,49535728.0,2.57,1.01,0.13,1.44
2021-08-24,603909,12.99,13.31,13.38,12.87,31694,55832767.0,3.93,2.46,0.32,1.58
2021-08-25,603909,13.35,12.94,13.4,12.81,28191,48641419.0,4.43,-2.78,-0.37,1.41
2021-08-26,603909,12.87,12.69,12.92,12.42,15827,26765858.0,3.86,-1.93,-0.25,0.79
2021-08-27,603909,12.74,12.59,12.79,12.48,11806,19766311.0,2.44,-0.79,-0.1,0.59
2021-08-30,603909,12.64,12.56,12.78,12.46,13146,21993631.0,2.54,-0.24,-0.03,0.66
2021-08-31,603909,12.49,12.6,12.74,12.49,12754,21434570.0,1.99,0.32,0.04,0.64
2021-09-01,603909,12.57,12.61,12.84,12.47,16376,27464473.0,2.94,0.08,0.01,0.82
2021-09-02,603909,12.5,12.5,12.61,12.25,19812,32828081.0,2.85,-0.87,-0.11,0.99
2021-09-03,603909,12.42,12.61,12.72,12.42,15811,26498008.0,2.4,0.88,0.11,0.79
2021-09-06,603909,12.57,12.64,12.76,12.47,13594,22820728.0,2.3,0.24,0.03,0.68
2021-09-07,603909,12.57,12.64,12.74,12.57,11236,18916248.0,1.34,0.0,0.0,0.56
2021-09-08,603909,12.78,12.48,12.78,12.27,13166,21721095.0,4.03,-1.27,-0.16,0.66
2021-09-09,603909,12.35,12.49,12.62,12.34,11427,19017549.0,2.24,0.08,0.01,0.57
2021-09-10,603909,12.41,12.52,12.64,12.4,16759,27943470.0,1.92,0.24,0.03,0.84
2021-09-13,603909,12.53,12.21,12.54,11.98,16319,26458793.0,4.47,-2.48,-0.31,0.81
2021-09-14,603909,12.24,12.35,12.54,12.18,22203,36476788.0,2.95,1.15,0.14,1.11
2021-09-15,603909,12.29,12.42,12.57,12.21,24733,40732657.0,2.91,0.57,0.07,1.23
2021-09-16,603909,12.41,12.34,12.52,12.3,14260,23537982.0,1.77,-0.64,-0.08,0.71
2021-09-17,603909,12.22,12.38,12.39,12.22,13056,21426186.0,1.38,0.32,0.04,0.65
2021-09-22,603909,12.49,12.41,12.49,12.31,10143,16736435.0,1.45,0.24,0.03,0.51
2021-09-23,603909,12.38,12.39,12.44,12.28,13480,22143760.0,1.29,-0.16,-0.02,0.67
2021-09-24,603909,12.4,11.94,12.43,11.59,18413,29522529.0,6.78,-3.63,-0.45,0.92
2021-09-27,603909,11.88,11.1,11.88,10.74,26626,39294277.0,9.55,-7.04,-0.84,1.33
2021-09-28,603909,10.98,10.7,10.98,10.54,16564,23579195.0,3.96,-3.6,-0.4,0.83
2021-09-29,603909,10.69,10.73,10.95,10.6,15120,21736257.0,3.27,0.28,0.03,0.75
2021-09-30,603909,10.8,10.82,10.87,10.63,9636,13850446.0,2.24,0.84,0.09,0.48
2021-10-08,603909,10.88,10.94,10.94,10.71,12194,17641653.0,2.13,1.11,0.12,0.61
2021-10-11,603909,10.95,11.04,11.05,10.84,9681,14155892.0,1.92,0.91,0.1,0.48
2021-10-12,603909,10.97,10.99,11.05,10.87,5909,8618353.0,1.63,-0.45,-0.05,0.29
2021-10-13,603909,10.9,10.9,11.02,10.65,9471,13714976.0,3.37,-0.82,-0.09,0.47
2021-10-14,603909,10.84,10.98,11.16,10.69,18609,27171399.0,4.31,0.73,0.08,0.93
2021-10-15,603909,10.91,10.88,10.95,10.71,9164,13230976.0,2.19,-0.91,-0.1,0.46
2021-10-18,603909,10.82,10.78,10.94,10.65,7701,11060594.0,2.67,-0.92,-0.1,0.38
2021-10-19,603909,10.78,10.65,10.87,10.6,7268,10393500.0,2.5,-1.21,-0.13,0.36
2021-10-20,603909,10.64,10.66,10.68,10.38,8226,11544133.0,2.82,0.09,0.01,0.41
2021-10-21,603909,10.58,10.66,10.72,10.51,9578,13573677.0,1.97,0.0,0.0,0.48
2021-10-22,603909,10.68,10.64,10.76,10.45,6012,8474915.0,2.91,-0.19,-0.02,0.3
2021-10-25,603909,10.57,10.68,10.72,10.42,4870,6897313.0,2.82,0.38,0.04,0.24
2021-10-26,603909,10.7,10.65,10.78,10.41,5944,8413485.0,3.46,-0.28,-0.03,0.3
2021-10-27,603909,10.64,10.65,10.69,10.45,5453,7691305.0,2.25,0.0,0.0,0.27
2021-10-28,603909,10.65,10.57,10.65,10.5,21080,29724212.0,1.41,-0.75,-0.08,1.05
2021-10-29,603909,10.56,10.58,10.64,10.54,28670,40493580.0,0.95,0.09,0.01,1.43
2021-11-01,603909,10.56,10.19,10.61,10.07,13356,18313537.0,5.1,-3.69,-0.39,0.67
2021-11-02,603909,10.19,10.22,10.28,9.94,13324,18060903.0,3.34,0.29,0.03,0.66
2021-11-03,603909,10.21,10.19,10.24,10.05,6821,9239182.0,1.86,-0.29,-0.03,0.34
2021-11-04,603909,10.18,10.21,10.27,10.08,9827,13373105.0,1.86,0.2,0.02,0.49
2021-11-05,603909,10.18,10.17,10.21,10.04,11469,15524681.0,1.67,-0.39,-0.04,0.57
2021-11-08,603909,10.17,10.11,10.27,10.07,9749,13211576.0,1.97,-0.59,-0.06,0.49
2021-11-09,603909,10.14,10.09,10.19,10.0,11958,16145961.0,1.88,-0.2,-0.02,0.6
2021-11-10,603909,10.06,10.08,10.09,9.89,5423,7264391.0,1.98,-0.1,-0.01,0.27
2021-11-11,603909,10.09,10.19,10.21,10.04,11200,15144343.0,1.69,1.09,0.11,0.56
2021-11-12,603909,10.24,10.78,10.88,10.22,18654,26457800.0,6.48,5.79,0.59,0.93
2021-11-15,603909,10.78,10.7,10.94,10.56,10712,15281673.0,3.53,-0.74,-0.08,0.53
2021-11-16,603909,10.58,11.3,11.31,10.28,39000,56825820.0,9.63,5.61,0.6,1.94
2021-11-17,603909,11.27,11.34,11.5,10.99,17919,26964707.0,4.51,0.35,0.04,0.89
2021-11-18,603909,11.32,11.2,11.38,11.03,9560,14244068.0,3.09,-1.23,-0.14,0.48
2021-11-19,603909,11.18,11.24,11.26,10.88,6726,9976762.0,3.39,0.36,0.04,0.34
2021-11-22,603909,11.15,11.14,11.31,10.94,4972,7349010.0,3.29,-0.89,-0.1,0.25
2021-11-23,603909,11.21,11.48,11.64,11.18,6801,10395523.0,4.13,3.05,0.34,0.34
2021-11-24,603909,11.48,11.41,11.53,11.34,4312,6545122.0,1.66,-0.61,-0.07,0.22
2021-11-25,603909,11.44,11.48,11.49,11.33,3120,4745449.0,1.4,0.61,0.07,0.16
2021-11-26,603909,11.43,11.41,11.58,11.27,21800,33217091.0,2.7,-0.61,-0.07,1.09
2021-11-29,603909,11.44,11.37,11.45,11.27,3895,5900921.0,1.58,-0.35,-0.04,0.19
2021-11-30,603909,11.43,11.55,11.62,11.32,11621,17808352.0,2.64,1.58,0.18,0.58
2021-12-01,603909,11.51,11.47,11.6,11.41,7627,11704192.0,1.65,-0.69,-0.08,0.38
2021-12-02,603909,11.41,11.28,11.5,11.18,6378,9638028.0,2.79,-1.66,-0.19,0.32
2021-12-03,603909,11.27,11.38,11.48,11.22,4957,7502893.0,2.3,0.89,0.1,0.25
2021-12-06,603909,11.44,11.49,11.71,11.2,34085,52036598.0,4.48,0.97,0.11,1.7
2021-12-07,603909,11.53,11.74,11.8,11.43,44336,68237466.0,3.22,2.18,0.25,2.21
2021-12-08,603909,12.18,12.23,12.38,11.73,61157,98362153.0,5.54,4.17,0.49,3.05
2021-12-09,603909,12.18,12.1,12.38,12.07,40331,65129258.0,2.53,-1.06,-0.13,2.01
2021-12-10,603909,12.18,11.49,12.18,11.35,30010,46152984.0,6.86,-5.04,-0.61,1.5
2021-12-13,603909,11.28,11.39,11.65,11.28,11896,18165411.0,3.22,-0.87,-0.1,0.59
2021-12-14,603909,11.38,11.41,11.47,11.31,9328,14138961.0,1.4,0.18,0.02,0.47
2021-12-15,603909,11.44,11.43,11.49,11.34,5104,7766246.0,1.31,0.18,0.02,0.25
2021-12-16,603909,11.43,11.41,11.52,11.28,7669,11630088.0,2.1,-0.17,-0.02,0.38
2021-12-17,603909,11.41,11.38,11.42,11.24,6573,9906168.0,1.58,-0.26,-0.03,0.33
2021-12-20,603909,11.25,11.18,11.38,11.11,9648,14433048.0,2.37,-1.76,-0.2,0.48
2021-12-21,603909,11.19,11.21,11.34,11.16,22080,33098511.0,1.61,0.27,0.03,1.1
2021-12-22,603909,11.28,10.84,11.32,10.78,10463,15305572.0,4.82,-3.3,-0.37,0.52
2021-12-23,603909,10.8,10.54,10.89,10.51,18494,26186205.0,3.51,-2.77,-0.3,0.92
2021-12-24,603909,10.58,10.48,10.74,10.33,14342,20022358.0,3.89,-0.57,-0.06,0.72
2021-12-27,603909,10.42,10.78,10.8,10.21,21694,30355708.0,5.63,2.86,0.3,1.08
2021-12-28,603909,10.78,11.11,11.17,10.62,15095,22167114.0,5.1,3.06,0.33,0.75
2021-12-29,603909,11.15,11.38,11.41,10.84,14245,21412247.0,5.13,2.43,0.27,0.71
2021-12-30,603909,11.38,11.51,12.04,11.38,20718,32016102.0,5.8,1.14,0.13,1.03
2021-12-31,603909,11.51,11.53,11.66,11.41,6710,10340479.0,2.17,0.17,0.02,0.33
2022-01-04,603909,11.68,11.81,11.95,11.5,11097,17394435.0,3.9,2.43,0.28,0.55
2022-01-05,603909,12.04,11.41,12.04,11.38,16910,25977290.0,5.59,-3.39,-0.4,0.84
2022-01-06,603909,11.59,11.85,11.99,11.41,13962,21959277.0,5.08,3.86,0.44,0.7
2022-01-07,603909,11.85,11.54,12.11,11.45,22206,34622554.0,5.57,-2.62,-0.31,1.11
2022-01-10,603909,11.58,11.53,11.8,11.48,14121,21831456.0,2.77,-0.09,-0.01,0.7
2022-01-11,603909,11.54,11.45,11.71,11.31,10923,16648045.0,3.47,-0.69,-0.08,0.54
2022-01-12,603909,11.41,11.52,11.64,11.4,6514,9982402.0,2.1,0.61,0.07,0.32
2022-01-13,603909,11.64,11.48,11.64,11.38,3461,5278121.0,2.26,-0.35,-0.04,0.17
2022-01-14,603909,11.43,11.21,11.52,11.19,4890,7382402.0,2.87,-2.35,-0.27,0.24
2022-01-17,603909,11.25,11.59,11.64,11.23,8111,12379665.0,3.66,3.39,0.38,0.4
2022-01-18,603909,11.54,11.41,11.56,11.31,6430,9774463.0,2.16,-1.55,-0.18,0.32
2022-01-19,603909,11.49,11.8,11.86,11.34,12871,20001999.0,4.56,3.42,0.39,0.64
2022-01-20,603909,11.81,11.41,12.04,11.41,14366,22209061.0,5.34,-3.31,-0.39,0.72
2022-01-21,603909,11.27,11.34,11.52,11.27,4058,6163920.0,2.19,-0.61,-0.07,0.2
2022-01-24,603909,11.36,11.42,11.47,11.03,10558,15911886.0,3.88,0.71,0.08,0.53
2022-01-25,603909,11.34,10.91,11.41,10.9,5295,7881610.0,4.47,-4.47,-0.51,0.26
2022-01-26,603909,10.9,11.27,11.36,10.89,6970,10321350.0,4.31,3.3,0.36,0.35
2022-01-27,603909,11.11,11.15,11.33,10.88,6818,9991322.0,3.99,-1.06,-0.12,0.34
2022-01-28,603909,11.24,11.15,11.24,10.65,7379,10754854.0,5.29,0.0,0.0,0.37
2022-02-07,603909,11.19,11.16,11.34,10.91,5336,7931143.0,3.86,0.09,0.01,0.27
2022-02-08,603909,11.26,11.48,11.61,11.16,10887,16593782.0,4.03,2.87,0.32,0.54
2022-02-09,603909,11.56,11.57,11.62,11.44,4231,6505668.0,1.57,0.78,0.09,0.21
2022-02-10,603909,11.62,11.47,11.62,11.41,5959,9109549.0,1.82,-0.86,-0.1,0.3
2022-02-11,603909,11.49,11.41,11.52,11.37,6577,9990583.0,1.31,-0.52,-0.06,0.33
2022-02-14,603909,11.22,11.12,11.37,11.11,5166,7704879.0,2.28,-2.54,-0.29,0.26
2022-02-15,603909,11.18,11.24,11.26,11.03,2941,4376408.0,2.07,1.08,0.12,0.15
2022-02-16,603909,11.27,11.91,11.91,11.22,21540,33286514.0,6.14,5.96,0.67,1.07
2022-02-17,603909,11.96,11.91,12.4,11.74,19202,30701656.0,5.54,0.0,0.0,0.96
2022-02-18,603909,11.95,12.01,12.02,11.61,9262,14605938.0,3.44,0.84,0.1,0.46
2022-02-21,603909,12.01,12.18,12.29,11.92,9585,15479895.0,3.08,1.42,0.17,0.48
2022-02-22,603909,12.17,12.2,12.2,11.93,6798,10915247.0,2.22,0.16,0.02,0.34
2022-02-23,603909,12.21,12.14,12.31,12.01,8688,14099914.0,2.46,-0.49,-0.06,0.43
2022-02-24,603909,12.18,12.01,12.23,11.78,9128,14568936.0,3.71,-1.07,-0.13,0.46
2022-02-25,603909,12.04,12.08,12.26,12.02,4637,7469573.0,2.0,0.58,0.07,0.23
2022-02-28,603909,12.12,12.08,12.2,11.73,5190,8236002.0,3.89,0.0,0.0,0.26
2022-03-01,603909,12.08,12.17,12.3,12.04,5345,8654997.0,2.15,0.75,0.09,0.27
2022-03-02,603909,12.16,12.4,12.53,12.08,10074,16531200.0,3.7,1.89,0.23,0.5
2022-03-03,603909,12.39,13.11,13.13,12.23,20354,34695971.0,7.26,5.73,0.71,1.02
2022-03-04,603909,13.19,13.11,13.22,12.84,19878,34329547.0,2.9,0.0,0.0,0.99
2022-03-07,603909,13.08,13.12,13.56,12.88,27789,48725477.0,5.19,0.08,0.01,1.39
2022-03-08,603909,13.08,13.08,13.26,12.91,31861,55356298.0,2.67,-0.3,-0.04,1.59
2022-03-09,603909,13.08,13.09,13.23,12.34,40044,68417140.0,6.8,0.08,0.01,2.0
2022-03-10,603909,13.08,12.57,13.09,12.41,27569,46727248.0,5.19,-3.97,-0.52,1.37
2022-03-11,603909,12.54,12.54,12.55,12.18,11510,18935783.0,2.94,-0.24,-0.03,0.57
2022-03-14,603909,12.32,12.07,12.45,12.04,13076,21206221.0,3.27,-3.75,-0.47,0.65
2022-03-15,603909,11.88,11.25,12.02,11.25,15874,24614012.0,6.38,-6.79,-0.82,0.79
2022-03-16,603909,11.25,11.24,11.63,10.75,24071,35536932.0,7.82,-0.09,-0.01,1.2
2022-03-17,603909,11.25,11.52,11.76,11.25,16146,24694604.0,4.54,2.49,0.28,0.81
2022-03-18,603909,11.45,12.12,12.24,11.41,15805,25172876.0,7.2,5.21,0.6,0.79
2022-03-21,603909,12.34,11.76,12.34,11.71,14907,23584489.0,5.2,-2.97,-0.36,0.74
2022-03-22,603909,11.78,11.72,11.85,11.58,6299,9816472.0,2.3,-0.34,-0.04,0.31
2022-03-23,603909,11.72,11.94,12.17,11.71,12536,20014942.0,3.92,1.88,0.22,0.63
2022-03-24,603909,11.94,11.79,12.03,11.73,7733,12210287.0,2.51,-1.26,-0.15,0.39
2022-03-25,603909,11.79,11.66,11.98,11.45,8060,12483699.0,4.5,-1.1,-0.13,0.4
2022-03-28,603909,11.74,11.43,11.87,11.31,9783,15033667.0,4.8,-1.97,-0.23,0.49
2022-03-29,603909,11.54,11.38,11.6,11.31,15163,22993237.0,2.54,-0.44,-0.05,0.76
2022-03-30,603909,11.49,12.26,12.53,11.34,46777,74742248.0,10.46,7.73,0.88,2.33
2022-03-31,603909,12.32,12.11,12.32,11.94,24121,38890867.0,3.1,-1.22,-0.15,1.2
2022-04-01,603909,12.04,12.12,12.28,11.64,25541,40909858.0,5.28,0.08,0.01,1.27
2022-04-06,603909,12.08,12.88,13.02,12.08,23645,40024478.0,7.76,6.27,0.76,1.18
2022-04-07,603909,12.93,12.74,13.34,12.67,10619,18213326.0,5.2,-1.09,-0.14,0.53
2022-04-08,603909,12.9,12.71,12.96,12.47,9238,15576528.0,3.85,-0.24,-0.03,0.46
2022-04-11,603909,12.63,12.49,12.96,12.34,11153,18680681.0,4.88,-1.73,-0.22,0.56
2022-04-12,603909,12.32,12.42,12.77,12.09,16947,27661281.0,5.44,-0.56,-0.07,0.85
2022-04-13,603909,12.54,12.01,12.54,11.97,15721,25329528.0,4.59,-3.3,-0.41,0.78
2022-04-14,603909,12.07,12.02,12.2,11.84,8477,13555304.0,3.0,0.08,0.01,0.42
2022-04-15,603909,12.04,11.81,12.04,11.5,11624,18137750.0,4.49,-1.75,-0.21,0.58
2022-04-18,603909,11.78,12.26,12.34,11.78,9045,14620405.0,4.74,3.81,0.45,0.45
2022-04-19,603909,12.41,12.27,12.54,12.11,7791,12724842.0,3.51,0.08,0.01,0.39
2022-04-20,603909,12.26,12.17,12.4,11.9,8790,14043521.0,4.07,-0.81,-0.1,0.44
2022-04-21,603909,12.11,11.56,12.49,11.56,17001,26931020.0,7.64,-5.01,-0.61,0.85
2022-04-22,603909,11.46,11.55,11.85,11.34,13663,20893899.0,4.41,-0.09,-0.01,0.68
2022-04-25,603909,11.34,10.88,11.34,10.69,23183,33836155.0,5.63,-5.8,-0.67,1.16
2022-04-26,603909,11.25,11.02,11.26,10.65,12023,17421190.0,5.61,1.29,0.14,0.6
2022-04-27,603909,11.0,11.32,11.38,10.84,8084,11931183.0,4.9,2.72,0.3,0.4
2022-04-28,603909,11.42,10.98,11.42,10.68,11478,16774793.0,6.54,-3.0,-0.34,0.57
2022-04-29,603909,11.02,11.13,11.28,10.95,7401,10999947.0,3.01,1.37,0.15,0.37
2022-05-05,603909,11.2,11.5,11.59,10.63,9617,14596177.0,8.63,3.32,0.37,0.48
2022-05-06,603909,11.3,11.06,11.86,10.95,16858,25427146.0,7.91,-3.83,-0.44,0.84
2022-05-09,603909,11.07,11.33,11.64,11.07,16375,24699829.0,5.15,2.44,0.27,0.82
2022-05-10,603909,11.11,11.53,11.55,11.11,15612,23711134.0,3.88,1.77,0.2,0.78
2022-05-11,603909,11.69,11.52,12.05,11.49,19251,30167010.0,4.86,-0.09,-0.01,0.96
2022-05-12,603909,11.57,11.52,11.74,11.26,14614,22332439.0,4.17,0.0,0.0,0.73
2022-05-13,603909,11.52,11.47,11.62,11.34,4423,6750703.0,2.43,-0.43,-0.05,0.22
2022-05-16,603909,11.6,11.7,11.88,11.38,14991,23253229.0,4.36,2.01,0.23,0.75
2022-05-17,603909,11.73,11.64,11.85,11.34,11190,17098504.0,4.36,-0.51,-0.06,0.56
2022-05-18,603909,11.74,11.7,11.91,11.63,10184,15915638.0,2.41,0.52,0.06,0.51
2022-05-19,603909,11.64,11.59,11.78,11.51,8767,13547913.0,2.31,-0.94,-0.11,0.44
2022-05-20,603909,11.64,11.68,11.74,11.35,7635,11817931.0,3.36,0.78,0.09,0.38
2022-05-23,603909,11.65,11.55,11.74,11.48,6601,10169674.0,2.23,-1.11,-0.13,0.33
2022-05-24,603909,11.56,10.95,11.56,10.94,12951,19255740.0,5.37,-5.19,-0.6,0.65
2022-05-25,603909,11.01,11.23,11.27,10.81,11167,16477358.0,4.2,2.56,0.28,0.56
2022-05-26,603909,11.11,11.48,11.73,11.11,10610,16144162.0,5.52,2.23,0.25,0.53
2022-05-27,603909,11.68,11.34,11.71,11.2,16074,24480529.0,4.44,-1.22,-0.14,0.8
2022-05-30,603909,11.31,11.04,11.4,10.91,20189,29716847.0,4.32,-2.65,-0.3,1.01
2022-05-31,603909,11.01,10.98,11.05,10.76,8741,12716748.0,2.63,-0.54,-0.06,0.44
2022-06-01,603909,11.14,10.79,11.14,10.66,17853,25769113.0,4.37,-1.73,-0.19,0.89
2022-06-02,603909,10.83,10.46,10.83,10.39,25122,35213500.0,4.08,-3.06,-0.33,1.25
2022-06-06,603909,10.51,10.84,11.12,10.51,16853,24379300.0,5.83,3.63,0.38,0.84
2022-06-07,603909,10.88,10.78,10.95,10.64,8554,12298772.0,2.86,-0.55,-0.06,0.43
2022-06-08,603909,10.75,10.63,10.83,10.49,8871,12570582.0,3.15,-1.39,-0.15,0.44
2022-06-09,603909,10.62,10.75,10.79,10.51,5127,7296115.0,2.63,1.13,0.12,0.26
2022-06-10,603909,10.74,10.59,10.74,10.54,9487,13392038.0,1.86,-1.49,-0.16,0.47
2022-06-13,603909,10.58,10.49,10.58,10.42,6524,9109710.0,1.51,-0.94,-0.1,0.33
2022-06-14,603909,10.49,10.61,10.64,10.28,9773,13635338.0,3.43,1.14,0.12,0.49
2022-06-15,603909,10.61,10.57,10.66,10.55,7447,10505632.0,1.04,-0.38,-0.04,0.37
2022-06-16,603909,10.56,10.54,10.62,10.52,5035,7078865.0,0.95,-0.28,-0.03,0.25
2022-06-17,603909,10.58,10.49,10.58,10.37,7987,11089624.0,1.99,-0.47,-0.05,0.4
2022-06-20,603909,10.52,10.7,10.83,10.37,9187,13078312.0,4.39,2.0,0.21,0.46
2022-06-21,603909,10.78,10.7,10.78,10.59,5563,7896993.0,1.78,0.0,0.0,0.28
2022-06-22,603909,10.7,10.64,10.84,10.55,9971,14150405.0,2.71,-0.56,-0.06,0.5
2022-06-23,603909,10.6,10.52,10.72,10.42,12639,17691144.0,2.82,-1.13,-0.12,0.63
2022-06-24,603909,10.52,10.55,10.59,10.44,8711,12195499.0,1.43,0.29,0.03,0.43
2022-06-27,603909,10.55,10.52,10.61,10.48,9283,12995485.0,1.23,-0.28,-0.03,0.46
2022-06-28,603909,10.47,10.55,10.55,10.43,7738,10811224.0,1.14,0.29,0.03,0.39
2022-06-29,603909,10.56,10.43,10.56,10.38,9628,13410545.0,1.71,-1.14,-0.12,0.48
2022-06-30,603909,10.45,10.35,10.52,10.31,9840,13616437.0,2.01,-0.77,-0.08,0.49
2022-07-01,603909,10.37,10.22,10.43,10.14,16805,22816557.0,2.8,-1.26,-0.13,0.84
2022-07-04,603909,10.22,10.2,10.26,10.09,7061,9552146.0,1.66,-0.2,-0.02,0.35
2022-07-05,603909,10.22,10.18,10.37,10.11,9112,12393130.0,2.55,-0.2,-0.02,0.45
2022-07-06,603909,10.18,9.92,10.27,9.83,11773,15632643.0,4.32,-2.55,-0.26,0.59
2022-07-07,603909,9.92,9.75,10.01,9.75,9790,12840554.0,2.62,-1.71,-0.17,0.49
2022-07-08,603909,9.71,10.0,10.04,9.71,8792,11628403.0,3.38,2.56,0.25,0.44
2022-07-11,603909,10.05,9.88,10.08,9.83,6832,9014336.0,2.5,-1.2,-0.12,0.34
2022-07-12,603909,9.88,10.18,10.28,9.83,21211,28650124.0,4.55,3.04,0.3,1.06
2022-07-13,603909,10.18,10.58,10.68,10.08,21535,29824230.0,5.89,3.93,0.4,1.07
2022-07-14,603909,10.58,10.58,10.62,10.5,9774,13715074.0,1.13,0.0,0.0,0.49
2022-07-15,603909,10.52,10.11,10.57,10.07,11451,15542642.0,4.73,-4.44,-0.47,0.57
2022-07-18,603909,10.12,10.27,10.38,9.99,6155,8429218.0,3.86,1.58,0.16,0.31
2022-07-19,603909,10.3,10.35,10.39,10.19,4969,6814943.0,1.95,0.78,0.08,0.25
2022-07-20,603909,10.3,10.31,10.39,10.21,4381,5985040.0,1.74,-0.39,-0.04,0.22
2022-07-21,603909,10.3,10.26,10.35,10.17,4622,6319012.0,1.75,-0.48,-0.05,0.23
2022-07-22,603909,10.27,10.17,10.32,10.06,5357,7278384.0,2.53,-0.88,-0.09,0.27
2022-07-25,603909,10.22,10.09,10.28,10.03,5016,6766358.0,2.46,-0.79,-0.08,0.25
2022-07-26,603909,10.09,10.11,10.12,10.0,3419,4584684.0,1.19,0.2,0.02,0.17
2022-07-27,603909,10.11,10.13,10.15,10.05,2352,3164209.0,0.99,0.2,0.02,0.12
2022-07-28,603909,10.18,10.23,10.83,10.11,7420,10154061.0,7.11,0.99,0.1,0.37
2022-07-29,603909,10.22,10.08,10.29,10.05,5159,6965408.0,2.35,-1.47,-0.15,0.26
2022-08-01,603909,10.08,10.08,10.11,10.0,4031,5393757.0,1.09,0.0,0.0,0.2
2022-08-02,603909,10.08,9.88,10.08,9.48,7247,9480790.0,5.95,-1.98,-0.2,0.36
2022-08-03,603909,9.82,9.72,10.02,9.69,5774,7534682.0,3.34,-1.62,-0.16,0.29
2022-08-04,603909,9.72,9.78,9.82,9.68,3079,3995210.0,1.44,0.62,0.06,0.15
2022-08-05,603909,9.76,9.98,9.98,9.68,3762,4927415.0,3.07,2.04,0.2,0.19
2022-08-08,603909,9.98,9.87,9.99,9.75,3574,4684365.0,2.4,-1.1,-0.11,0.18
2022-08-09,603909,9.78,9.89,9.92,9.78,2904,3815325.0,1.42,0.2,0.02,0.14
2022-08-10,603909,9.82,10.11,10.18,9.78,6413,8530690.0,4.04,2.22,0.22,0.32
2022-08-11,603909,10.13,10.15,10.32,10.13,4298,5853705.0,1.88,0.4,0.04,0.21
2022-08-12,603909,10.12,10.11,10.15,9.95,3806,5101756.0,1.97,-0.39,-0.04,0.19
2022-08-15,603909,10.11,9.98,10.11,9.88,3050,4052897.0,2.27,-1.29,-0.13,0.15
2022-08-16,603909,10.11,10.13,10.15,10.05,3679,4948048.0,1.0,1.5,0.15,0.18
2022-08-17,603909,10.13,10.01,10.13,9.95,4055,5399824.0,1.78,-1.18,-0.12,0.2
2022-08-18,603909,10.01,10.15,10.23,9.87,7722,10322756.0,3.6,1.4,0.14,0.39
2022-08-19,603909,10.16,9.98,10.21,9.98,3452,4627378.0,2.27,-1.67,-0.17,0.17
2022-08-22,603909,9.93,10.06,10.08,9.92,2946,3926100.0,1.6,0.8,0.08,0.15
2022-08-23,603909,10.01,9.95,10.06,9.92,1943,2578721.0,1.39,-1.09,-0.11,0.1
2022-08-24,603909,9.16,9.68,9.75,9.16,19178,23947734.0,5.93,-2.71,-0.27,0.96
2022-08-25,603909,9.39,9.35,9.5,9.27,7243,9065789.0,2.38,-3.41,-0.33,0.36
2022-08-26,603909,9.29,9.35,9.52,9.23,5181,6470878.0,3.1,0.0,0.0,0.26
2022-08-29,603909,9.35,9.36,9.42,9.22,3238,4028146.0,2.14,0.11,0.01,0.16
2022-08-30,603909,9.43,9.58,9.58,9.36,6006,7595428.0,2.35,2.35,0.22,0.3
2022-08-31,603909,9.53,9.37,9.55,9.35,3337,4187708.0,2.09,-2.19,-0.21,0.17
2022-09-01,603909,9.38,9.36,9.45,9.35,1611,2019010.0,1.07,-0.11,-0.01,0.08
2022-09-02,603909,9.41,9.38,9.46,9.32,1909,2388907.0,1.5,0.21,0.02,0.1
2022-09-05,603909,9.47,9.38,9.56,9.37,3388,4257062.0,2.03,0.0,0.0,0.17
2022-09-06,603909,9.42,9.36,9.45,9.33,3511,4391790.0,1.28,-0.21,-0.02,0.18
2022-09-07,603909,9.38,9.4,9.63,9.3,6931,8718906.0,3.53,0.43,0.04,0.35
2022-09-08,603909,9.41,9.48,9.56,9.38,4120,5217801.0,1.91,0.85,0.08,0.21
2022-09-09,603909,9.57,9.45,9.57,9.45,3314,4197586.0,1.27,-0.32,-0.03,0.17
2022-09-13,603909,9.47,9.65,9.72,9.39,5792,7445534.0,3.49,2.12,0.2,0.29
2022-09-14,603909,9.55,9.38,9.65,9.37,4220,5326952.0,2.9,-2.8,-0.27,0.21
2022-09-15,603909,9.4,9.27,9.43,9.21,3551,4415922.0,2.35,-1.17,-0.11,0.18
2022-09-16,603909,9.21,8.96,9.25,8.87,3422,4164409.0,4.1,-3.34,-0.31,0.17
2022-09-19,603909,8.98,8.87,8.98,8.75,3000,3542286.0,2.57,-1.0,-0.09,0.15
2022-09-20,603909,8.77,8.86,8.96,8.75,2729,3223486.0,2.37,-0.11,-0.01,0.14
2022-09-21,603909,9.51,9.08,9.63,9.08,8057,9947364.0,6.21,2.48,0.22,0.4
2022-09-22,603909,8.62,8.91,9.16,8.57,11107,13160680.0,6.5,-1.87,-0.17,0.55
2022-09-23,603909,8.98,8.57,8.98,8.56,6231,7213531.0,4.71,-3.82,-0.34,0.31
2022-09-26,603909,8.45,8.27,8.5,8.26,4700,5262398.0,2.8,-3.5,-0.3,0.23
2022-09-27,603909,8.28,8.56,8.62,8.28,5880,6686285.0,4.11,3.51,0.29,0.29
2022-09-28,603909,8.62,8.29,8.65,8.29,4285,4836219.0,4.21,-3.15,-0.27,0.21
2022-09-29,603909,8.39,8.16,8.5,8.15,7120,7878762.0,4.22,-1.57,-0.13,0.36
2022-09-30,603909,8.22,8.06,8.33,8.06,2132,2331192.0,3.31,-1.23,-0.1,0.11
2022-10-10,603909,8.11,7.92,8.42,7.87,7100,7731163.0,6.82,-1.74,-0.14,0.35
2022-10-11,603909,8.1,8.0,8.1,7.82,3548,3784751.0,3.54,1.01,0.08,0.18
2022-10-12,603909,8.06,8.2,8.2,7.98,5217,5678343.0,2.75,2.5,0.2,0.26
2022-10-13,603909,8.2,8.34,8.41,8.12,2784,3088001.0,3.54,1.71,0.14,0.14
2022-10-14,603909,8.38,8.48,8.52,8.25,3949,4457992.0,3.24,1.68,0.14,0.2
2022-10-17,603909,8.48,8.44,8.53,8.4,4381,4955088.0,1.53,-0.47,-0.04,0.22
2022-10-18,603909,8.36,8.47,8.54,8.36,3233,3661692.0,2.13,0.36,0.03,0.16
2022-10-19,603909,8.38,8.51,8.59,8.38,3917,4461751.0,2.48,0.47,0.04,0.2
2022-10-20,603909,8.54,8.33,8.54,8.28,3836,4295004.0,3.06,-2.12,-0.18,0.19
2022-10-21,603909,8.41,8.38,8.53,8.28,3733,4211662.0,3.0,0.6,0.05,0.19
2022-10-24,603909,8.48,8.22,8.61,8.12,4284,4780736.0,5.85,-1.91,-0.16,0.21
2022-10-25,603909,8.17,8.09,8.2,7.95,1898,2063301.0,3.04,-1.58,-0.13,0.09
2022-10-26,603909,8.42,8.92,8.92,8.41,18762,22141545.0,6.3,10.26,0.83,0.94
2022-10-27,603909,9.37,9.06,9.57,8.92,35228,43356345.0,7.29,1.57,0.14,1.76
2022-10-28,603909,9.02,8.86,9.32,8.73,30187,36304460.0,6.51,-2.21,-0.2,1.51
2022-10-31,603909,8.92,8.64,9.04,8.52,19700,22848325.0,5.87,-2.48,-0.22,0.98
2022-11-01,603909,8.79,9.49,9.53,8.67,35822,44205685.0,9.95,9.84,0.85,1.79
2022-11-02,603909,9.29,9.29,9.37,9.08,21163,26061980.0,3.06,-2.11,-0.2,1.06
2022-11-03,603909,9.33,9.29,9.52,9.14,12693,15810047.0,4.09,0.0,0.0,0.63
2022-11-04,603909,9.33,9.35,9.52,9.19,10379,12905321.0,3.55,0.65,0.06,0.52
2022-11-07,603909,9.36,9.35,9.38,9.22,7496,9306424.0,1.71,0.0,0.0,0.37
2022-11-08,603909,9.27,9.25,9.49,9.15,11852,14709065.0,3.64,-1.07,-0.1,0.59
2022-11-09,603909,9.25,9.05,9.45,9.01,14284,17477221.0,4.76,-2.16,-0.2,0.71
2022-11-10,603909,9.01,9.07,9.24,8.99,12793,15523471.0,2.76,0.22,0.02,0.64
2022-11-11,603909,9.12,9.27,9.4,9.11,12496,15449741.0,3.2,2.21,0.2,0.62
2022-11-14,603909,9.24,9.28,9.48,9.18,11001,13662503.0,3.24,0.11,0.01,0.55
2022-11-15,603909,9.32,9.42,9.42,9.22,10952,13685407.0,2.16,1.51,0.14,0.55
2022-11-16,603909,9.37,9.37,9.43,9.28,7872,9816449.0,1.59,-0.53,-0.05,0.39
2022-11-17,603909,9.33,9.46,9.51,9.22,7413,9255414.0,3.09,0.96,0.09,0.37
2022-11-18,603909,9.38,9.49,9.57,9.38,7426,9406928.0,2.01,0.32,0.03,0.37
2022-11-21,603909,9.38,9.36,9.46,9.22,10109,12550699.0,2.53,-1.37,-0.13,0.5
2022-11-22,603909,9.36,9.53,9.55,9.32,12107,15273720.0,2.46,1.82,0.17,0.6
2022-11-23,603909,9.52,9.41,9.67,9.35,11627,14687589.0,3.36,-1.26,-0.12,0.58
2022-11-24,603909,9.45,9.36,9.64,9.31,9512,11983509.0,3.51,-0.53,-0.05,0.47
2022-11-25,603909,9.38,9.41,9.62,9.33,8796,11129852.0,3.1,0.53,0.05,0.44
2022-11-28,603909,9.4,9.27,9.4,9.11,9263,11422864.0,3.08,-1.49,-0.14,0.46
2022-11-29,603909,9.29,9.55,9.65,9.29,11894,15146151.0,3.88,3.02,0.28,0.59
2022-11-30,603909,9.52,9.45,9.99,9.41,14961,19179303.0,6.07,-1.05,-0.1,0.75
2022-12-01,603909,9.51,9.12,9.59,9.04,26628,33066992.0,5.82,-3.49,-0.33,1.33
2022-12-02,603909,9.02,9.22,9.26,8.9,32450,39297691.0,3.95,1.1,0.1,1.62
2022-12-05,603909,9.27,9.15,9.51,9.11,29697,36732962.0,4.34,-0.76,-0.07,1.48
2022-12-06,603909,9.18,8.77,9.21,8.72,30258,35882488.0,5.36,-4.15,-0.38,1.51
2022-12-07,603909,8.71,8.68,8.75,8.52,18506,21409278.0,2.62,-1.03,-0.09,0.92
2022-12-08,603909,8.68,8.5,8.77,8.41,23796,27156509.0,4.15,-2.07,-0.18,1.19
2022-12-09,603909,8.56,8.35,8.62,8.28,34383,38687564.0,4.0,-1.76,-0.15,1.71
2022-12-12,603909,8.37,8.39,8.46,8.25,20399,22811613.0,2.51,0.48,0.04,1.02
2022-12-13,603909,8.42,8.33,8.45,8.32,8132,9098770.0,1.55,-0.72,-0.06,0.41
2022-12-14,603909,8.39,8.24,8.39,8.18,9569,10590592.0,2.52,-1.08,-0.09,0.48
2022-12-15,603909,8.25,8.28,8.33,8.18,7949,8796965.0,1.82,0.49,0.04,0.4
2022-12-16,603909,8.22,8.17,8.29,8.08,18427,20172220.0,2.54,-1.33,-0.11,0.92
2022-12-19,603909,8.25,8.02,8.32,7.95,17772,19351941.0,4.53,-1.84,-0.15,0.89
2022-12-20,603909,8.02,8.01,8.06,7.88,7911,8462300.0,2.24,-0.12,-0.01,0.39
2022-12-21,603909,8.01,8.0,8.12,7.89,8292,8902231.0,2.87,-0.12,-0.01,0.41
2022-12-22,603909,8.05,7.8,8.05,7.77,9672,10207105.0,3.5,-2.5,-0.2,0.48
2022-12-23,603909,7.88,7.76,7.98,7.72,15763,16505788.0,3.33,-0.51,-0.04,0.79
2022-12-26,603909,7.76,7.98,7.98,7.74,10301,10937224.0,3.09,2.84,0.22,0.51
2022-12-27,603909,7.98,7.96,8.02,7.88,10350,11027543.0,1.75,-0.25,-0.02,0.52
2022-12-28,603909,8.0,7.85,8.04,7.84,11290,11950867.0,2.51,-1.38,-0.11,0.56
2022-12-29,603909,7.92,7.85,7.92,7.75,10794,11314726.0,2.17,0.0,0.0,0.54
2022-12-30,603909,7.72,7.98,8.04,7.72,18297,19363554.0,4.08,1.66,0.13,0.91
2023-01-03,603909,7.98,8.08,8.18,7.96,23333,25212254.0,2.76,1.25,0.1,1.16
2023-01-04,603909,8.11,8.09,8.17,8.02,18638,20225394.0,1.86,0.12,0.01,0.93
2023-01-05,603909,8.11,8.13,8.18,8.06,13470,14644583.0,1.48,0.49,0.04,0.67
2023-01-06,603909,8.13,8.15,8.25,8.1,11104,12144181.0,1.85,0.25,0.02,0.55
2023-01-09,603909,8.16,8.14,8.25,8.12,9851,10801363.0,1.6,-0.12,-0.01,0.49
2023-01-10,603909,8.17,8.12,8.23,8.09,9353,10189941.0,1.72,-0.25,-0.02,0.47
2023-01-11,603909,8.18,8.05,8.18,8.05,7196,7805090.0,1.6,-0.86,-0.07,0.36
2023-01-12,603909,8.12,8.08,8.15,8.03,6112,6622676.0,1.49,0.37,0.03,0.3
2023-01-13,603909,8.09,8.15,8.15,8.08,6071,6607014.0,0.87,0.87,0.07,0.3
2023-01-16,603909,8.16,8.18,8.22,8.12,9335,10223584.0,1.23,0.37,0.03,0.47
2023-01-17,603909,8.18,8.26,8.28,8.18,8249,9102095.0,1.22,0.98,0.08,0.41
2023-01-18,603909,8.26,8.34,8.36,8.22,6992,7785097.0,1.69,0.97,0.08,0.35
2023-01-19,603909,8.29,8.42,8.42,8.29,7112,7966645.0,1.56,0.96,0.08,0.35
2023-01-20,603909,8.42,8.54,8.55,8.36,12369,14023570.0,2.26,1.43,0.12,0.62
2023-01-30,603909,8.57,8.68,8.78,8.56,18712,21670608.0,2.58,1.64,0.14,0.93
2023-01-31,603909,8.63,9.58,9.58,8.61,59115,73832122.0,11.18,10.37,0.9,2.95
2023-02-01,603909,10.05,10.56,10.56,10.05,33369,46040322.0,5.32,10.23,0.98,1.66
2023-02-02,603909,11.28,10.42,11.62,10.06,134707,190218070.0,14.77,-1.33,-0.14,6.72
2023-02-03,603909,10.41,10.42,10.61,10.18,71046,97575794.0,4.13,0.0,0.0,3.54
2023-02-06,603909,10.41,10.31,10.55,10.22,49192,67939319.0,3.17,-1.06,-0.11,2.45
2023-02-07,603909,10.31,10.22,10.36,10.1,34994,47495318.0,2.52,-0.87,-0.09,1.75
2023-02-08,603909,10.26,10.15,10.32,10.06,22334,30269284.0,2.54,-0.68,-0.07,1.11
2023-02-09,603909,10.22,10.31,10.48,9.95,38673,52995771.0,5.22,1.58,0.16,1.93
2023-02-10,603909,10.31,10.24,10.45,10.13,18616,25424649.0,3.1,-0.68,-0.07,0.93
2023-02-13,603909,10.25,10.23,10.28,10.08,16520,22408703.0,1.95,-0.1,-0.01,0.82
2023-02-14,603909,10.27,10.08,10.33,10.05,14217,19149454.0,2.74,-1.47,-0.15,0.71
2023-02-15,603909,10.15,10.18,10.33,10.01,26315,35622551.0,3.17,0.99,0.1,1.31
2023-02-16,603909,10.18,9.69,10.28,9.62,26527,34924386.0,6.48,-4.81,-0.49,1.32
2023-02-17,603909,9.69,9.75,9.95,9.68,21444,28043208.0,2.79,0.62,0.06,1.07
2023-02-20,603909,9.64,9.78,9.94,9.64,11812,15358031.0,3.08,0.31,0.03,0.59
2023-02-21,603909,9.87,9.9,9.95,9.74,14720,19367565.0,2.15,1.23,0.12,0.73
2023-02-22,603909,9.94,9.78,9.94,9.74,9501,12392041.0,2.02,-1.21,-0.12,0.47
2023-02-23,603909,9.82,9.78,9.89,9.72,8788,11467001.0,1.74,0.0,0.0,0.44
2023-02-24,603909,9.68,9.78,9.83,9.65,7452,9721448.0,1.84,0.0,0.0,0.37
2023-02-27,603909,9.8,9.78,9.98,9.66,10705,14023609.0,3.27,0.0,0.0,0.53
2023-02-28,603909,9.78,10.78,10.78,9.69,63252,87640384.0,11.15,10.22,1.0,3.15
2023-03-01,603909,10.78,11.35,11.83,10.63,109251,164080577.0,11.13,5.29,0.57,5.45
2023-03-02,603909,11.19,11.58,11.88,10.91,84203,127448592.0,8.55,2.03,0.23,4.2
2023-03-03,603909,11.5,11.83,12.06,11.19,63206,98805235.0,7.51,2.16,0.25,3.15
2023-03-06,603909,11.83,11.5,12.37,11.35,46719,72611299.0,8.62,-2.79,-0.33,2.33
2023-03-07,603909,11.68,11.72,12.19,11.49,47300,74496596.0,6.09,1.91,0.22,2.36
2023-03-08,603909,11.72,12.17,12.4,11.53,49253,78756632.0,7.42,3.84,0.45,2.46
2023-03-09,603909,11.97,11.64,12.15,11.53,44347,69332681.0,5.09,-4.35,-0.53,2.21
2023-03-10,603909,12.09,11.98,12.2,11.68,41883,66357477.0,4.47,2.92,0.34,2.09
2023-03-13,603909,12.11,12.02,12.15,11.68,30250,47892200.0,3.92,0.33,0.04,1.51
2023-03-14,603909,12.09,11.98,12.14,11.75,17647,27836844.0,3.24,-0.33,-0.04,0.88
2023-03-15,603909,11.95,12.18,12.29,11.75,27525,44182049.0,4.51,1.67,0.2,1.37
2023-03-16,603909,12.35,11.78,12.41,11.75,26583,42474061.0,5.42,-3.28,-0.4,1.33
2023-03-17,603909,11.85,11.48,12.01,11.48,36500,56610337.0,4.5,-2.55,-0.3,1.82
2023-03-20,603909,11.48,11.69,11.72,11.4,22229,34185901.0,2.79,1.83,0.21,1.11
2023-03-21,603909,11.68,11.68,11.82,11.29,21372,32743293.0,4.53,-0.09,-0.01,1.07
2023-03-22,603909,11.66,11.98,11.99,11.47,19257,30240079.0,4.45,2.57,0.3,0.96
2023-03-23,603909,11.87,12.06,12.26,11.52,41903,66967516.0,6.18,0.67,0.08,2.09
2023-03-24,603909,11.86,12.09,12.14,11.84,21150,33611035.0,2.49,0.25,0.03,1.05
2023-03-27,603909,12.35,11.79,12.71,11.68,48874,78174120.0,8.52,-2.48,-0.3,2.44
2023-03-28,603909,11.84,12.78,12.81,11.68,54114,89018861.0,9.58,8.4,0.99,2.7
2023-03-29,603909,12.7,11.86,12.75,11.75,46457,74031522.0,7.82,-7.2,-0.92,2.32
2023-03-30,603909,11.76,11.45,11.81,11.42,28733,44077124.0,3.29,-3.46,-0.41,1.43
2023-03-31,603909,11.53,11.18,11.57,11.13,26157,39168308.0,3.84,-2.36,-0.27,1.3
2023-04-03,603909,11.19,11.18,11.3,11.02,24691,36659204.0,2.5,0.0,0.0,1.23
2023-04-04,603909,11.2,10.97,11.2,10.88,26040,38073716.0,2.86,-1.88,-0.21,1.3
2023-04-06,603909,11.03,10.95,11.07,10.82,14783,21502133.0,2.28,-0.18,-0.02,0.74
2023-04-07,603909,11.04,10.82,11.04,10.75,16027,23051698.0,2.65,-1.19,-0.13,0.8
2023-04-10,603909,10.82,10.82,11.65,10.82,33928,49910490.0,7.67,0.0,0.0,1.69
2023-04-11,603909,10.77,11.05,11.12,10.68,21580,31343503.0,4.07,2.13,0.23,1.08
2023-04-12,603909,11.06,11.28,11.59,11.06,20737,31237969.0,4.8,2.08,0.23,1.03
2023-04-13,603909,11.22,11.75,11.85,11.06,23775,36460651.0,7.0,4.17,0.47,1.19
2023-04-14,603909,11.68,11.77,11.85,11.38,14991,23199031.0,4.0,0.17,0.02,0.75
2023-04-17,603909,11.83,11.95,12.06,11.56,18263,28730398.0,4.25,1.53,0.18,0.91
2023-04-18,603909,11.82,11.79,12.02,11.55,16649,25989726.0,3.93,-1.34,-0.16,0.83
2023-04-19,603909,11.52,11.73,12.05,11.52,12531,19683418.0,4.5,-0.51,-0.06,0.62
2023-04-20,603909,11.85,11.82,11.87,11.6,7917,12313650.0,2.3,0.77,0.09,0.39
2023-04-21,603909,11.86,11.53,11.87,11.45,8272,12776443.0,3.55,-2.45,-0.29,0.41
2023-04-24,603909,11.35,11.22,11.52,10.91,26069,38910061.0,5.29,-2.69,-0.31,1.3
2023-04-25,603909,11.38,11.2,11.49,11.07,19929,29780937.0,3.74,-0.18,-0.02,0.99
2023-04-26,603909,11.25,11.52,11.65,11.2,15549,23747566.0,4.02,2.86,0.32,0.78
2023-04-27,603909,11.37,11.59,11.75,11.32,11225,17243401.0,3.73,0.61,0.07,0.56
2023-04-28,603909,11.45,11.8,11.85,11.34,14050,21727650.0,4.4,1.81,0.21,0.7
2023-05-04,603909,11.62,11.7,11.91,11.52,14261,22139654.0,3.31,-0.85,-0.1,0.71
2023-05-05,603909,11.7,11.91,11.93,11.67,15889,24920847.0,2.22,1.79,0.21,0.79
2023-05-08,603909,11.92,11.78,12.28,11.73,20966,33192612.0,4.62,-1.09,-0.13,1.05
2023-05-09,603909,11.74,11.72,11.95,11.67,16407,25711293.0,2.38,-0.51,-0.06,0.82
2023-05-10,603909,11.68,11.72,11.74,11.47,15117,23269353.0,2.3,0.0,0.0,0.75
2023-05-11,603909,11.42,11.97,12.02,11.42,14308,22562776.0,5.12,2.13,0.25,0.71
2023-05-12,603909,11.98,11.56,11.98,11.56,20161,23915001.0,3.51,-3.43,-0.41,0.77
2023-05-15,603909,11.67,11.46,11.67,11.13,18955,21883339.0,4.67,-0.87,-0.1,0.73
2023-05-16,603909,11.73,11.21,11.73,11.18,14606,16753481.0,4.8,-2.18,-0.25,0.56
2023-05-17,603909,11.2,11.55,11.55,11.08,10615,12302913.0,4.19,3.03,0.34,0.41
2023-05-18,603909,11.5,11.68,11.76,11.27,10119,11895349.0,4.24,1.13,0.13,0.39
2023-05-19,603909,11.61,11.55,11.67,11.29,10870,12662513.0,3.25,-1.11,-0.13,0.42
2023-05-22,603909,11.79,11.42,11.79,11.21,8850,10279148.0,5.02,-1.13,-0.13,0.34
2023-05-23,603909,11.46,11.44,11.8,11.36,10466,12321715.0,3.85,0.18,0.02,0.4
2023-05-24,603909,11.34,11.28,11.49,11.2,7836,9011270.0,2.53,-1.4,-0.16,0.3
2023-05-25,603909,11.25,11.27,11.36,11.05,8617,9814091.0,2.75,-0.09,-0.01,0.33
2023-05-26,603909,11.32,11.37,11.41,11.05,7171,8186236.0,3.19,0.89,0.1,0.28
2023-05-29,603909,11.77,11.55,11.77,11.3,10917,12790977.0,4.13,1.58,0.18,0.42
2023-05-30,603909,11.32,11.87,11.88,11.32,17108,20487540.0,4.85,2.77,0.32,0.66
2023-05-31,603909,11.86,12.45,12.48,11.66,30790,38406574.0,6.91,4.89,0.58,1.18
2023-06-01,603909,12.45,12.19,12.53,11.99,21732,27022666.0,4.34,-2.09,-0.26,0.83
2023-06-02,603909,12.25,12.27,12.28,12.02,14238,17586889.0,2.13,0.66,0.08,0.55
2023-06-05,603909,12.22,12.22,12.38,12.04,12398,15325386.0,2.77,-0.41,-0.05,0.48
2023-06-06,603909,12.17,12.37,12.75,12.09,17196,21763946.0,5.4,1.23,0.15,0.66
2023-06-07,603909,12.31,12.79,12.93,12.26,22678,29327537.0,5.42,3.4,0.42,0.87
2023-06-08,603909,12.71,12.77,12.88,12.52,16652,21514954.0,2.81,-0.16,-0.02,0.64
2023-06-09,603909,12.7,12.6,12.87,12.48,15768,20186683.0,3.05,-1.33,-0.17,0.6
2023-06-12,603909,12.6,13.53,13.6,12.52,45427,60933136.0,8.57,7.38,0.93,1.74
2023-06-13,603909,13.43,13.35,13.43,13.05,27905,37451820.0,2.81,-1.33,-0.18,1.07
2023-06-14,603909,13.35,13.87,13.87,13.18,30900,42794630.0,5.17,3.9,0.52,1.19
2023-06-15,603909,14.02,13.65,14.02,13.59,18008,25044034.0,3.1,-1.59,-0.22,0.69
2023-06-16,603909,13.68,13.5,13.72,13.43,11137,15308654.0,2.12,-1.1,-0.15,0.43
2023-06-19,603909,13.63,13.32,13.69,13.25,9851,13352399.0,3.26,-1.33,-0.18,0.38
2023-06-20,603909,13.42,13.13,13.43,13.07,10616,14260760.0,2.7,-1.43,-0.19,0.41
2023-06-21,603909,13.08,12.96,13.17,12.9,8955,11821702.0,2.06,-1.29,-0.17,0.34
2023-06-26,603909,12.8,13.01,13.2,12.71,10779,14201324.0,3.78,0.39,0.05,0.41
2023-06-27,603909,12.9,13.52,13.57,12.9,14763,20082659.0,5.15,3.92,0.51,0.57
2023-06-28,603909,13.7,13.28,13.7,13.24,6141,8332917.0,3.4,-1.78,-0.24,0.24
2023-06-29,603909,13.44,13.14,13.44,13.04,21181,28307925.0,3.01,-1.05,-0.14,0.81
2023-06-30,603909,13.14,13.13,13.36,13.01,14155,18855194.0,2.66,-0.08,-0.01,0.54
2023-07-03,603909,13.14,13.15,13.57,13.01,12206,16300079.0,4.27,0.15,0.02,0.47
2023-07-04,603909,13.11,13.26,13.34,12.96,10092,13460982.0,2.89,0.84,0.11,0.39
2023-07-05,603909,13.47,13.18,13.47,13.12,10248,13790562.0,2.64,-0.6,-0.08,0.39
2023-07-06,603909,13.05,13.16,13.32,13.05,8757,11747861.0,2.05,-0.15,-0.02,0.34
2023-07-07,603909,13.03,13.22,13.37,13.03,7166,9643887.0,2.58,0.46,0.06,0.27
2023-07-10,603909,13.34,13.49,13.68,13.25,13642,18696173.0,3.25,2.04,0.27,0.52
2023-07-11,603909,13.56,13.51,13.65,13.26,7808,10604412.0,2.89,0.15,0.02,0.3
2023-07-12,603909,13.98,13.21,13.98,13.21,10410,14146904.0,5.7,-2.22,-0.3,0.4
2023-07-13,603909,13.21,13.71,13.8,13.2,15452,21344178.0,4.54,3.79,0.5,0.59
2023-07-14,603909,13.79,13.98,14.13,13.74,15708,22275460.0,2.84,1.97,0.27,0.6
2023-07-17,603909,13.75,13.87,13.95,13.48,11114,15491957.0,3.36,-0.79,-0.11,0.43
2023-07-18,603909,13.81,13.89,13.98,13.72,6545,9208552.0,1.87,0.14,0.02,0.25
2023-07-19,603909,13.89,13.83,14.24,13.76,6118,8653629.0,3.46,-0.43,-0.06,0.23
2023-07-20,603909,13.9,13.65,13.9,13.6,5042,7013399.0,2.17,-1.3,-0.18,0.19
2023-07-21,603909,13.59,13.7,13.77,13.55,4880,6755903.0,1.61,0.37,0.05,0.19
2023-07-24,603909,13.76,13.9,14.0,13.62,5834,8200918.0,2.77,1.46,0.2,0.22
2023-07-25,603909,13.86,14.09,14.18,13.86,9398,13376724.0,2.3,1.37,0.19,0.36
2023-07-26,603909,14.17,14.7,15.21,13.96,32895,49231222.0,8.87,4.33,0.61,1.26
2023-07-27,603909,14.55,14.27,14.6,14.21,18353,26692676.0,2.65,-2.93,-0.43,0.7
2023-07-28,603909,14.27,14.24,14.47,14.04,12196,17560992.0,3.01,-0.21,-0.03,0.47
2023-07-31,603909,14.3,14.37,14.52,14.12,9488,13784627.0,2.81,0.91,0.13,0.36
2023-08-01,603909,14.37,14.5,14.6,14.15,10784,15721273.0,3.13,0.9,0.13,0.41
2023-08-02,603909,14.41,14.6,14.72,14.39,8334,12293379.0,2.28,0.69,0.1,0.32
2023-08-03,603909,14.55,14.6,14.76,14.5,9409,13960880.0,1.78,0.0,0.0,0.36
2023-08-04,603909,14.61,14.43,14.75,14.38,8194,12046310.0,2.53,-1.16,-0.17,0.31
2023-08-07,603909,14.4,14.37,14.58,14.2,5006,7262780.0,2.63,-0.42,-0.06,0.19
2023-08-08,603909,14.43,14.09,14.51,14.06,6609,9529113.0,3.13,-1.95,-0.28,0.25
2023-08-09,603909,14.17,13.87,14.2,13.8,10053,14220142.0,2.84,-1.56,-0.22,0.39
2023-08-10,603909,13.91,13.65,13.92,13.63,9887,13745962.0,2.09,-1.59,-0.22,0.38
2023-08-11,603909,13.76,13.3,13.79,13.28,15823,21643447.0,3.74,-2.56,-0.35,0.61
2023-08-14,603909,13.3,13.24,13.35,13.06,14634,19591753.0,2.18,-0.45,-0.06,0.56
2023-08-15,603909,13.36,13.1,13.45,12.9,14890,19754493.0,4.15,-1.06,-0.14,0.57
2023-08-16,603909,13.1,12.95,13.27,12.9,27724,36707097.0,2.82,-1.15,-0.15,1.06
2023-08-17,603909,12.9,12.97,13.09,12.89,21961,28907850.0,1.54,0.15,0.02,0.84
2023-08-18,603909,12.97,12.71,13.24,12.7,19891,26250867.0,4.16,-2.0,-0.26,0.76
2023-08-21,603909,12.45,12.6,13.01,12.45,22486,29112943.0,4.41,-0.87,-0.11,0.86
2023-08-22,603909,12.78,12.54,12.88,12.35,22950,29365363.0,4.21,-0.48,-0.06,0.88
2023-08-23,603909,12.52,12.24,12.76,12.21,16424,20677175.0,4.39,-2.39,-0.3,0.63
2023-08-24,603909,12.39,12.0,12.45,11.97,24865,30671957.0,3.92,-1.96,-0.24,0.95
2023-08-25,603909,12.05,11.91,12.15,11.9,20426,24970869.0,2.08,-0.75,-0.09,0.78
2023-08-28,603909,12.61,12.1,12.81,12.04,24316,30608036.0,6.47,1.6,0.19,0.93
2023-08-29,603909,11.94,12.52,12.63,11.94,27118,33917759.0,5.7,3.47,0.42,1.04
2023-08-30,603909,12.73,12.62,12.77,12.44,15183,19504872.0,2.64,0.8,0.1,0.58
2023-08-31,603909,12.52,12.49,12.74,12.46,9880,12607843.0,2.22,-1.03,-0.13,0.38
2023-09-01,603909,12.7,12.41,12.7,12.22,13819,17471444.0,3.84,-0.64,-0.08,0.53
2023-09-04,603909,12.36,12.71,12.76,12.36,20342,26107409.0,3.22,2.42,0.3,0.78
2023-09-05,603909,12.6,12.36,12.68,12.3,9815,12410463.0,2.99,-2.75,-0.35,0.38
2023-09-06,603909,12.25,12.31,12.42,12.2,8915,11155304.0,1.78,-0.4,-0.05,0.34
2023-09-07,603909,12.35,12.25,12.54,12.23,11342,14269083.0,2.52,-0.49,-0.06,0.44
2023-09-08,603909,12.4,12.62,12.7,12.08,15097,19052790.0,5.06,3.02,0.37,0.58
2023-09-11,603909,12.43,12.16,12.61,12.0,22993,28575215.0,4.83,-3.65,-0.46,0.88
2023-09-12,603909,12.16,12.55,12.76,12.0,23452,29669736.0,6.25,3.21,0.39,0.9
2023-09-13,603909,13.6,13.83,13.83,13.46,20307,28404920.0,2.95,10.2,1.28,0.78
2023-09-14,603909,15.11,14.14,15.11,12.83,120554,164801100.0,16.49,2.24,0.31,4.62
2023-09-15,603909,13.0,12.96,13.5,12.86,80144,106710713.0,4.53,-8.35,-1.18,3.07
2023-09-18,603909,12.73,12.03,12.75,11.96,69119,85235343.0,6.1,-7.18,-0.93,2.65
2023-09-19,603909,11.91,11.8,11.99,11.66,39221,47048666.0,2.74,-1.91,-0.23,1.5
2023-09-20,603909,11.72,11.45,11.75,11.43,34115,40106038.0,2.71,-2.97,-0.35,1.31
2023-09-21,603909,11.45,11.37,11.53,11.3,26368,30591089.0,2.01,-0.7,-0.08,1.01
2023-09-22,603909,11.27,11.47,11.49,11.26,24151,28048112.0,2.02,0.88,0.1,0.93
2023-09-25,603909,11.47,11.35,11.64,11.34,23608,27564317.0,2.62,-1.05,-0.12,0.91
2023-09-26,603909,11.28,11.37,11.51,11.28,14793,17202921.0,2.03,0.18,0.02,0.57
2023-09-27,603909,11.49,11.73,11.89,11.37,30694,36583505.0,4.57,3.17,0.36,1.18
2023-09-28,603909,11.75,11.82,11.89,11.64,16206,19358295.0,2.13,0.77,0.09,0.62
2023-10-09,603909,11.8,11.58,11.85,11.5,17954,21212276.0,2.96,-2.03,-0.24,0.69
2023-10-10,603909,11.58,11.6,11.74,11.53,16577,19579267.0,1.81,0.17,0.02,0.64
2023-10-11,603909,11.77,11.7,11.79,11.5,15621,18481976.0,2.5,0.86,0.1,0.6
2023-10-12,603909,11.8,11.76,11.86,11.61,13380,15970499.0,2.14,0.51,0.06,0.51
2023-10-13,603909,11.75,11.53,11.76,11.51,12189,14395406.0,2.13,-1.96,-0.23,0.47
2023-10-16,603909,11.6,11.5,11.7,11.45,10762,12621347.0,2.17,-0.26,-0.03,0.41
2023-10-17,603909,11.52,11.49,11.61,11.36,9580,11176432.0,2.17,-0.09,-0.01,0.37
2023-10-18,603909,11.5,11.32,11.6,11.3,9091,10559755.0,2.61,-1.48,-0.17,0.35
2023-10-19,603909,11.39,11.21,11.42,11.14,10960,12613331.0,2.47,-0.97,-0.11,0.42
2023-10-20,603909,11.24,11.15,11.33,11.11,8152,9318409.0,1.96,-0.54,-0.06,0.31
2023-10-23,603909,11.18,10.93,11.24,10.83,12241,13667555.0,3.68,-1.97,-0.22,0.47
2023-10-24,603909,11.3,11.63,11.7,10.96,21314,24818085.0,6.77,6.4,0.7,0.82
2023-10-25,603909,11.99,12.11,12.17,11.81,23934,29213826.0,3.1,4.13,0.48,0.92
2023-10-26,603909,12.03,11.45,12.09,11.42,21814,25725296.0,5.53,-5.45,-0.66,0.84
2023-10-27,603909,11.39,11.3,11.44,11.2,14445,16588611.0,2.1,-1.31,-0.15,0.55
2023-10-30,603909,11.18,11.38,11.38,11.17,10777,12367365.0,1.86,0.71,0.08,0.41
2023-10-31,603909,11.35,11.37,11.44,11.24,9056,10455230.0,1.76,-0.09,-0.01,0.35
2023-11-01,603909,11.25,11.34,11.44,11.24,11929,13776610.0,1.76,-0.26,-0.03,0.46
2023-11-02,603909,11.38,11.22,11.5,11.2,11571,13323032.0,2.65,-1.06,-0.12,0.44
2023-11-03,603909,11.21,11.37,11.42,11.21,11093,12799833.0,1.87,1.34,0.15,0.43
2023-11-06,603909,11.46,11.63,11.7,11.3,10257,12027653.0,3.52,2.29,0.26,0.39
2023-11-07,603909,11.61,11.58,11.62,11.37,14140,16539059.0,2.15,-0.43,-0.05,0.54
2023-11-08,603909,11.58,11.74,11.75,11.45,11229,13303541.0,2.59,1.38,0.16,0.43
2023-11-09,603909,11.73,11.7,11.95,11.56,13187,15707894.0,3.32,-0.34,-0.04,0.51
2023-11-10,603909,11.58,11.48,11.8,11.42,7212,8455235.0,3.25,-1.88,-0.22,0.28
2023-11-13,603909,11.63,11.64,11.66,11.37,6863,8042559.0,2.53,1.39,0.16,0.26
2023-11-14,603909,11.65,11.78,11.86,11.59,10166,12133348.0,2.32,1.2,0.14,0.39
2023-11-15,603909,11.9,11.71,11.9,11.63,9196,10970503.0,2.29,-0.59,-0.07,0.35
2023-11-16,603909,11.78,11.78,11.88,11.66,12699,15244817.0,1.88,0.6,0.07,0.49
2023-11-17,603909,11.77,11.75,11.79,11.64,6852,8161445.0,1.27,-0.25,-0.03,0.26
2023-11-20,603909,11.8,11.94,11.98,11.8,9246,11176657.0,1.53,1.62,0.19,0.35
2023-11-21,603909,11.86,11.92,12.07,11.86,8605,10477995.0,1.76,-0.17,-0.02,0.33
2023-11-22,603909,11.93,11.95,12.08,11.81,8290,10101440.0,2.27,0.25,0.03,0.32
2023-11-23,603909,11.87,12.0,12.15,11.83,7795,9462639.0,2.68,0.42,0.05,0.3
2023-11-24,603909,12.05,11.79,12.05,11.77,6625,7980965.0,2.33,-1.75,-0.21,0.25
2023-11-27,603909,11.78,11.76,11.89,11.68,6890,8249189.0,1.78,-0.25,-0.03,0.26
2023-11-28,603909,12.35,11.9,12.35,11.55,20420,24698460.0,6.8,1.19,0.14,0.78
2023-11-29,603909,11.91,11.67,11.96,11.65,11805,14096267.0,2.61,-1.93,-0.23,0.45
2023-11-30,603909,11.66,11.61,11.77,11.53,10473,12387511.0,2.06,-0.51,-0.06,0.4
2023-12-01,603909,11.61,11.71,11.81,11.56,7193,8543332.0,2.15,0.86,0.1,0.28
2023-12-04,603909,11.72,11.7,11.85,11.6,8748,10431466.0,2.13,-0.09,-0.01,0.34
2023-12-05,603909,11.6,11.41,11.74,11.4,8094,9501158.0,2.91,-2.48,-0.29,0.31
2023-12-06,603909,11.4,11.52,11.57,11.36,8190,9572835.0,1.84,0.96,0.11,0.31
2023-12-07,603909,11.47,11.56,11.69,11.41,8291,9721954.0,2.43,0.35,0.04,0.32
2023-12-08,603909,11.52,11.25,11.59,11.24,11572,13403167.0,3.03,-2.68,-0.31,0.44
2023-12-11,603909,11.22,11.3,11.37,11.12,12111,13862871.0,2.22,0.44,0.05,0.46
2023-12-12,603909,11.33,11.53,11.55,11.19,9390,10875817.0,3.19,2.04,0.23,0.36
2023-12-13,603909,11.52,11.45,12.1,11.43,16782,19813153.0,5.81,-0.69,-0.08,0.64
2023-12-14,603909,11.43,11.66,11.71,11.4,15481,18282019.0,2.71,1.83,0.21,0.59
2023-12-15,603909,11.65,11.41,11.66,11.39,9873,11521077.0,2.32,-2.14,-0.25,0.38
2023-12-18,603909,11.36,11.3,11.55,11.25,11284,13089983.0,2.63,-0.96,-0.11,0.43
2023-12-19,603909,11.3,11.21,11.49,11.09,10594,12087393.0,3.54,-0.8,-0.09,0.41
2023-12-20,603909,11.22,11.15,11.3,11.14,8757,10001828.0,1.43,-0.54,-0.06,0.34
2023-12-21,603909,11.15,11.2,11.27,10.92,10727,12118046.0,3.14,0.45,0.05,0.41
2023-12-22,603909,11.29,10.99,11.34,10.97,11940,13510742.0,3.3,-1.88,-0.21,0.46
2023-12-25,603909,10.8,10.89,11.02,10.8,9377,10402685.0,2.0,-0.91,-0.1,0.36
2023-12-26,603909,10.97,10.85,10.99,10.78,8180,9059741.0,1.93,-0.37,-0.04,0.31
2023-12-27,603909,11.14,10.83,11.14,10.7,9603,10564176.0,4.06,-0.18,-0.02,0.37
2023-12-28,603909,10.78,11.03,11.05,10.66,9497,10539831.0,3.6,1.85,0.2,0.36
2023-12-29,603909,10.98,11.16,11.23,10.98,9592,10884135.0,2.27,1.18,0.13,0.37
2024-01-02,603909,11.18,11.34,11.38,11.18,7654,8819895.0,1.79,1.61,0.18,0.29
2024-01-03,603909,11.32,11.33,11.43,11.23,7786,9000140.0,1.76,-0.09,-0.01,0.3
2024-01-04,603909,11.34,11.41,11.44,11.31,7631,8830375.0,1.15,0.71,0.08,0.29
2024-01-05,603909,11.5,11.22,11.54,11.19,8014,9240710.0,3.07,-1.67,-0.19,0.31
2024-01-08,603909,11.23,11.11,11.4,11.11,9909,11349230.0,2.58,-0.98,-0.11,0.38
2024-01-09,603909,11.16,11.13,11.35,11.05,9780,11139389.0,2.7,0.18,0.02,0.38
2024-01-10,603909,11.12,10.91,11.21,10.83,13186,14759179.0,3.41,-1.98,-0.22,0.51
2024-01-11,603909,10.93,11.14,11.2,10.92,9711,10930806.0,2.57,2.11,0.23,0.37
2024-01-12,603909,11.13,11.02,11.35,11.01,10426,11863861.0,3.05,-1.08,-0.12,0.4
2024-01-15,603909,11.04,11.1,11.17,10.9,11039,12419894.0,2.45,0.73,0.08,0.42
2024-01-16,603909,11.11,11.03,11.24,10.9,11118,12513721.0,3.06,-0.63,-0.07,0.43
2024-01-17,603909,11.05,10.88,11.13,10.86,12247,13694771.0,2.45,-1.36,-0.15,0.47
2024-01-18,603909,10.89,11.0,11.0,10.4,17599,19004006.0,5.51,1.1,0.12,0.68
2024-01-19,603909,10.85,10.55,10.86,10.43,19694,21183519.0,3.91,-4.09,-0.45,0.76
2024-01-22,603909,10.5,10.16,10.58,10.13,22945,24158823.0,4.27,-3.7,-0.39,0.88
2024-01-23,603909,9.96,9.67,10.07,9.39,37013,36883375.0,6.69,-4.82,-0.49,1.42
2024-01-24,603909,9.57,9.92,9.97,9.45,14809,14763827.0,5.38,2.59,0.25,0.57
2024-01-25,603909,9.92,10.5,10.51,9.91,17636,18443016.0,6.05,5.85,0.58,0.68
2024-01-26,603909,10.47,10.58,10.78,10.46,12761,13833720.0,3.05,0.76,0.08,0.49
2024-01-29,603909,10.57,10.25,10.77,10.21,15506,16500580.0,5.29,-3.12,-0.33,0.59
2024-01-30,603909,10.24,10.04,10.33,9.92,14279,14792717.0,4.0,-2.05,-0.21,0.55
2024-01-31,603909,10.01,9.93,10.12,9.62,22359,22419946.0,4.98,-1.1,-0.11,0.86
2024-02-01,603909,9.19,10.03,10.03,9.19,30210,29675391.0,8.46,1.01,0.1,1.16
2024-02-02,603909,10.03,11.05,11.05,9.73,71334,77938701.0,13.16,10.17,1.02,2.74
2024-02-05,603909,11.05,9.93,11.06,9.93,28238,30212298.0,10.23,-10.14,-1.12,1.08
2024-02-06,603909,8.92,8.92,9.19,8.92,62238,57061911.0,2.72,-10.17,-1.01,2.39
2024-02-07,603909,9.32,8.01,9.32,8.01,60807,51182484.0,14.69,-10.2,-0.91,2.33
2024-02-08,603909,8.01,8.41,8.8,7.45,36649,30693603.0,16.85,4.99,0.4,1.41
2024-02-19,603909,8.42,8.56,8.75,8.41,27255,23906433.0,4.04,1.78,0.15,1.05
2024-02-20,603909,8.58,8.6,8.7,8.41,13081,11477690.0,3.39,0.47,0.04,0.5
2024-02-21,603909,8.48,8.99,9.14,8.43,23340,21232986.0,8.26,4.53,0.39,0.9
2024-02-22,603909,8.99,9.01,9.25,8.82,12751,11745146.0,4.78,0.22,0.02,0.49
2024-02-23,603909,9.01,9.32,9.37,8.98,14866,13912040.0,4.33,3.44,0.31,0.57
2024-02-26,603909,9.37,9.42,9.64,9.34,15752,15256256.0,3.22,1.07,0.1,0.6
2024-02-27,603909,9.4,9.6,9.66,9.27,12718,12374412.0,4.14,1.91,0.18,0.49
2024-02-28,603909,9.61,9.26,10.09,9.22,23488,23091318.0,9.06,-3.54,-0.34,0.9
2024-02-29,603909,9.22,9.6,9.61,9.17,16847,16299350.0,4.75,3.67,0.34,0.65
2024-03-01,603909,9.65,9.76,9.91,9.56,11713,11632951.0,3.65,1.67,0.16,0.45
2024-03-04,603909,9.75,9.65,9.8,9.38,10858,10616276.0,4.3,-1.13,-0.11,0.42
2024-03-05,603909,9.6,9.31,9.61,9.29,8905,8538496.0,3.32,-3.52,-0.34,0.34
2024-03-06,603909,9.31,9.24,9.44,9.11,13628,12833638.0,3.54,-0.75,-0.07,0.52
2024-03-07,603909,9.28,9.07,9.41,9.0,18239,17135350.0,4.44,-1.84,-0.17,0.7
2024-03-08,603909,9.07,9.05,9.19,8.9,13782,12676094.0,3.2,-0.22,-0.02,0.53
2024-03-11,603909,8.99,9.24,9.25,8.93,15442,14317581.0,3.54,2.1,0.19,0.59
2024-03-12,603909,9.2,9.54,9.56,9.18,15277,14668007.0,4.11,3.25,0.3,0.59
2024-03-13,603909,9.55,9.47,9.75,9.38,10148,9845569.0,3.88,-0.73,-0.07,0.39
2024-03-14,603909,9.5,9.5,9.53,9.31,9531,9219870.0,2.32,0.32,0.03,0.37
2024-03-15,603909,9.4,9.67,9.76,9.4,12314,12049826.0,3.79,1.79,0.17,0.47
2024-03-18,603909,9.74,9.83,9.85,9.64,14902,14827183.0,2.17,1.65,0.16,0.57
2024-03-19,603909,9.8,9.84,9.86,9.72,13096,13087956.0,1.42,0.1,0.01,0.5
2024-03-20,603909,9.85,10.06,10.2,9.85,29273,29853424.0,3.56,2.24,0.22,1.12
2024-03-21,603909,10.12,9.87,10.29,9.61,25670,25871980.0,6.76,-1.89,-0.19,0.98
2024-03-22,603909,9.8,9.76,10.08,9.75,15323,15401273.0,3.34,-1.11,-0.11,0.59
2024-03-25,603909,9.88,9.7,9.95,9.63,12785,12748937.0,3.28,-0.61,-0.06,0.49
2024-03-26,603909,9.6,9.59,9.76,9.38,16491,16072725.0,3.92,-1.13,-0.11,0.63
2024-03-27,603909,9.56,9.41,9.74,9.38,14616,14198045.0,3.75,-1.88,-0.18,0.56
2024-03-28,603909,9.41,9.62,9.66,9.37,13362,13038203.0,3.08,2.23,0.21,0.51
2024-03-29,603909,9.54,9.74,9.77,9.54,9367,9272204.0,2.39,1.25,0.12,0.36
2024-04-01,603909,9.82,9.98,9.98,9.77,13892,14021168.0,2.16,2.46,0.24,0.53
2024-04-02,603909,9.98,9.96,10.04,9.83,10908,11089330.0,2.1,-0.2,-0.02,0.42
2024-04-03,603909,9.99,10.02,10.08,9.89,10337,10544854.0,1.91,0.6,0.06,0.4
2024-04-08,603909,10.14,9.74,10.14,9.72,12782,12923134.0,4.19,-2.79,-0.28,0.49
2024-04-09,603909,9.72,9.87,9.9,9.66,7593,7617994.0,2.46,1.33,0.13,0.29
2024-04-10,603909,9.89,9.54,9.91,9.44,11080,10862450.0,4.76,-3.34,-0.33,0.43
2024-04-11,603909,9.68,9.89,10.34,9.44,25823,26216365.0,9.43,3.67,0.35,0.99
2024-04-12,603909,9.79,9.49,9.87,9.47,24306,23895938.0,4.04,-4.04,-0.4,0.93
2024-04-15,603909,9.55,8.94,9.63,8.67,24900,22900308.0,10.12,-5.8,-0.55,0.96
2024-04-16,603909,9.03,8.27,9.03,8.27,26587,22995335.0,8.5,-7.49,-0.67,1.02
2024-04-17,603909,8.79,9.12,9.12,8.54,21514,19743541.0,7.01,10.28,0.85,0.83
2024-04-18,603909,9.02,9.11,9.49,8.92,23114,21611852.0,6.25,-0.11,-0.01,0.89
2024-04-19,603909,9.16,9.35,9.45,8.95,24441,23189420.0,5.49,2.63,0.24,0.94
2024-04-22,603909,9.44,9.18,9.44,9.05,14873,13948542.0,4.17,-1.82,-0.17,0.57
2024-04-23,603909,9.17,9.32,9.42,9.1,15331,14587748.0,3.49,1.53,0.14,0.59
2024-04-24,603909,9.35,9.55,9.58,9.26,16873,16378945.0,3.43,2.47,0.23,0.65
2024-04-25,603909,9.52,9.66,9.81,9.46,18644,18388560.0,3.66,1.15,0.11,0.72
2024-04-26,603909,10.05,9.68,10.27,9.58,21925,21935504.0,7.14,0.21,0.02,0.84
2024-04-29,603909,9.68,10.05,10.07,9.62,23701,23989036.0,4.65,3.82,0.37,0.91
2024-04-30,603909,10.04,9.99,10.18,9.96,18822,19337174.0,2.19,-0.6,-0.06,0.72
2024-05-06,603909,10.07,10.07,10.25,10.0,12566,12929172.0,2.5,0.8,0.08,0.48
2024-05-07,603909,10.08,10.06,10.22,10.0,17061,17593668.0,2.18,-0.1,-0.01,0.65
2024-05-08,603909,10.15,9.95,10.15,9.88,18401,18779567.0,2.68,-1.09,-0.11,0.71
2024-05-09,603909,9.95,9.96,10.08,9.82,17162,17496068.0,2.61,0.1,0.01,0.66
2024-05-10,603909,10.06,9.99,10.17,9.89,15453,15635790.0,2.81,0.3,0.03,0.59
2024-05-13,603909,10.08,9.91,10.11,9.74,12390,12517527.0,3.7,-0.8,-0.08,0.48
2024-05-14,603909,10.18,10.57,10.57,10.05,20578,21525441.0,5.25,6.66,0.66,0.79
2024-05-15,603909,10.35,10.14,10.5,10.07,26011,26987656.0,4.07,-4.07,-0.43,1.0
2024-05-16,603909,10.14,10.22,10.41,9.93,17043,17702887.0,4.73,0.79,0.08,0.65
2024-05-17,603909,10.23,10.38,10.43,10.13,20157,21090181.0,2.94,1.57,0.16,0.77
2024-05-20,603909,10.34,10.32,10.53,10.22,17876,18705867.0,2.99,-0.58,-0.06,0.69
2024-05-21,603909,10.28,10.37,10.47,10.28,12073,12648650.0,1.84,0.48,0.05,0.46
2024-05-22,603909,10.34,10.3,10.5,10.28,17302,18197351.0,2.12,-0.68,-0.07,0.66
2024-05-23,603909,10.32,10.13,10.34,10.09,13556,13943822.0,2.43,-1.65,-0.17,0.52
2024-05-24,603909,10.15,10.1,10.23,10.05,9481,9732464.0,1.78,-0.3,-0.03,0.36
2024-05-27,603909,10.03,10.02,10.16,9.85,10235,10309390.0,3.07,-0.79,-0.08,0.39
2024-05-28,603909,9.89,9.84,10.06,9.81,8055,8076673.0,2.5,-1.8,-0.18,0.31
2024-05-29,603909,9.98,9.88,10.08,9.81,13164,13236248.0,2.74,0.41,0.04,0.5
2024-05-30,603909,9.71,9.69,9.91,9.65,12131,11948528.0,2.63,-1.92,-0.19,0.47
2024-05-31,603909,9.74,9.65,9.86,9.54,9128,8900283.0,3.3,-0.41,-0.04,0.35
2024-06-03,603909,9.57,9.39,9.67,9.2,17912,17058638.0,4.87,-2.69,-0.26,0.69
2024-06-04,603909,9.36,9.39,9.68,9.21,13178,12500174.0,5.01,0.0,0.0,0.51
2024-06-05,603909,9.29,9.08,9.36,9.06,16465,15304420.0,3.19,-3.3,-0.31,0.63
2024-06-06,603909,8.88,8.29,9.13,8.17,42388,36308869.0,10.57,-8.7,-0.79,1.63
2024-06-07,603909,8.42,8.7,8.72,8.41,25360,22120868.0,3.74,4.95,0.41,0.97
2024-06-11,603909,8.7,8.6,8.77,8.42,14664,12674737.0,4.02,-1.15,-0.1,0.56
2024-06-12,603909,8.53,8.63,8.74,8.53,10731,9407977.0,2.44,0.35,0.03,0.41
2024-06-13,603909,8.65,8.55,8.74,8.52,11743,10239867.0,2.55,-0.93,-0.08,0.45
2024-06-14,603909,8.56,8.62,8.68,8.51,12804,11157475.0,1.99,0.82,0.07,0.49
2024-06-17,603909,8.63,8.44,8.63,8.39,16178,13935596.0,2.78,-2.09,-0.18,0.62
2024-06-18,603909,8.43,8.53,8.58,8.33,12777,10973215.0,2.96,1.07,0.09,0.49
2024-06-19,603909,8.6,8.57,8.65,8.54,10917,9514730.0,1.29,0.47,0.04,0.42
2024-06-20,603909,8.55,8.43,8.65,8.38,11574,9939198.0,3.15,-1.63,-0.14,0.44
2024-06-21,603909,8.43,8.6,8.66,8.33,15457,13439846.0,3.91,2.02,0.17,0.59
2024-06-24,603909,8.57,8.04,8.6,7.98,23864,19788865.0,7.21,-6.51,-0.56,0.92
2024-06-25,603909,7.88,8.06,8.26,7.88,16990,13963238.0,4.73,0.25,0.02,0.65
2024-06-26,603909,8.08,8.31,8.34,7.91,10284,8486894.0,5.33,3.1,0.25,0.39
2024-06-27,603909,8.32,8.13,8.44,8.11,12131,10147981.0,3.97,-2.17,-0.18,0.47
2024-06-28,603909,8.21,8.2,8.35,7.98,15757,13168818.0,4.55,0.86,0.07,0.6
2024-07-01,603909,8.27,8.41,8.43,8.13,17725,14933968.0,3.66,2.56,0.21,0.68
2024-07-02,603909,8.43,8.53,8.63,8.32,13881,11989735.0,3.69,1.43,0.12,0.53
2024-07-03,603909,8.57,8.51,8.6,8.47,8292,7170529.0,1.52,-0.23,-0.02,0.32
2024-07-04,603909,8.52,8.17,8.53,8.14,12390,10404381.0,4.58,-4.0,-0.34,0.48
2024-07-05,603909,8.13,8.2,8.27,8.05,11925,9876453.0,2.69,0.37,0.03,0.46
2024-07-08,603909,8.14,7.85,8.2,7.82,12170,9772608.0,4.63,-4.27,-0.35,0.47
2024-07-09,603909,7.86,7.9,7.95,7.67,11399,9061431.0,3.57,0.64,0.05,0.44
2024-07-10,603909,7.81,7.73,7.96,7.68,17665,13903551.0,3.54,-2.15,-0.17,0.68
2024-07-11,603909,7.84,8.11,8.14,7.78,19867,16089545.0,4.66,4.92,0.38,0.76
2024-07-12,603909,8.03,8.1,8.25,8.03,15539,12841780.0,2.71,-0.12,-0.01,0.6
2024-07-15,603909,8.17,7.86,8.17,7.83,13462,10811363.0,4.2,-2.96,-0.24,0.52
2024-07-16,603909,7.88,7.83,7.94,7.78,12224,9753678.0,2.04,-0.38,-0.03,0.47
2024-07-17,603909,7.82,7.67,7.9,7.62,14542,11389167.0,3.58,-2.04,-0.16,0.56
2024-07-18,603909,7.63,7.54,7.64,7.41,14846,11351184.0,3.0,-1.69,-0.13,0.57
2024-07-19,603909,7.54,7.51,7.58,7.42,11432,8721824.0,2.12,-0.4,-0.03,0.44
2024-07-22,603909,7.54,7.53,7.54,7.41,11202,8538120.0,1.73,0.27,0.02,0.43
2024-07-23,603909,7.56,7.43,7.67,7.43,12323,9441798.0,3.19,-1.33,-0.1,0.47
2024-07-24,603909,7.41,7.28,7.56,7.26,11376,8471969.0,4.04,-2.02,-0.15,0.44
2024-07-25,603909,7.24,7.27,7.39,7.12,10096,7467483.0,3.71,-0.14,-0.01,0.39
2024-07-26,603909,7.3,7.37,7.4,7.27,11014,8229521.0,1.79,1.38,0.1,0.42
2024-07-29,603909,7.41,7.34,7.42,7.27,9062,6774350.0,2.04,-0.41,-0.03,0.35
2024-07-30,603909,7.36,7.42,7.42,7.28,9398,7039495.0,1.91,1.09,0.08,0.36
2024-07-31,603909,7.42,7.6,7.63,7.4,13972,10711708.0,3.1,2.43,0.18,0.54
2024-08-01,603909,7.61,7.57,7.83,7.51,19970,15431474.0,4.21,-0.39,-0.03,0.77
2024-08-02,603909,7.58,7.49,7.65,7.48,16557,12711356.0,2.25,-1.06,-0.08,0.64
2024-08-05,603909,7.43,7.19,7.56,7.17,24668,18497583.0,5.21,-4.01,-0.3,0.95
2024-08-06,603909,7.26,7.37,7.39,7.23,17226,12818638.0,2.23,2.5,0.18,0.66
2024-08-07,603909,7.38,7.4,7.46,7.3,13480,10115549.0,2.17,0.41,0.03,0.52
2024-08-08,603909,7.33,7.42,7.45,7.25,14251,10665639.0,2.7,0.27,0.02,0.55
2024-08-09,603909,7.5,7.4,7.56,7.38,15331,11621766.0,2.43,-0.27,-0.02,0.59
2024-08-12,603909,7.36,7.46,7.68,7.36,25248,19246138.0,4.32,0.81,0.06,0.97
2024-08-13,603909,7.48,7.61,7.76,7.34,55409,42742100.0,5.63,2.01,0.15,2.13
2024-08-14,603909,7.55,7.46,7.7,7.43,39500,30334458.0,3.55,-1.97,-0.15,1.52
2024-08-15,603909,7.4,7.26,7.4,7.09,48006,35279845.0,4.16,-2.68,-0.2,1.84
2024-08-16,603909,7.28,7.11,7.33,7.05,32939,23922037.0,3.86,-2.07,-0.15,1.26
2024-08-19,603909,7.11,7.08,7.15,6.96,17024,12263093.0,2.67,-0.42,-0.03,0.65
2024-08-20,603909,7.05,6.88,7.1,6.83,18660,13141631.0,3.81,-2.82,-0.2,0.72
2024-08-21,603909,6.86,6.91,6.94,6.79,12562,8799170.0,2.18,0.44,0.03,0.48
2024-08-22,603909,6.81,6.69,6.93,6.67,24188,16579123.0,3.76,-3.18,-0.22,0.93
2024-08-23,603909,6.65,6.63,6.73,6.56,16258,10985831.0,2.54,-0.9,-0.06,0.62
2024-08-26,603909,6.89,7.13,7.31,6.76,78398,56292034.0,8.3,7.54,0.5,3.01
2024-08-27,603909,7.12,7.86,7.86,6.9,132225,99293432.0,13.46,10.24,0.73,5.07
2024-08-28,603909,7.79,7.42,7.79,7.38,122466,93466152.0,5.22,-5.6,-0.44,4.7
2024-08-29,603909,7.28,7.25,7.29,7.09,88509,64572120.0,2.7,-2.29,-0.17,3.4
2024-08-30,603909,7.16,7.29,7.39,7.04,83377,61424443.0,4.83,0.55,0.04,3.2
2024-09-02,603909,7.23,7.37,7.53,7.19,81982,61391543.0,4.66,1.1,0.08,3.15
2024-09-03,603909,7.25,7.36,7.36,7.06,49313,36128310.0,4.07,-0.14,-0.01,1.89
2024-09-04,603909,7.22,7.1,7.3,7.08,39141,28539332.0,2.99,-3.53,-0.26,1.5
2024-09-05,603909,7.03,7.09,7.17,7.02,28948,20892818.0,2.11,-0.14,-0.01,1.11
2024-09-06,603909,7.05,6.86,7.11,6.85,37610,26508670.0,3.67,-3.24,-0.23,1.44
2024-09-09,603909,6.86,6.88,6.93,6.73,30533,21269288.0,2.92,0.29,0.02,1.17
2024-09-10,603909,6.88,6.95,6.99,6.79,26018,18295501.0,2.91,1.02,0.07,1.0
2024-09-11,603909,6.92,6.91,6.96,6.78,23022,16139886.0,2.59,-0.58,-0.04,0.88
2024-09-12,603909,6.9,6.95,7.0,6.84,21820,15445490.0,2.32,0.58,0.04,0.84
2024-09-13,603909,6.99,6.86,7.03,6.84,18220,12834559.0,2.73,-1.29,-0.09,0.7
2024-09-18,603909,6.85,6.71,6.85,6.58,25154,17117132.0,3.94,-2.19,-0.15,0.96
2024-09-19,603909,6.71,6.92,7.0,6.69,27344,19190128.0,4.62,3.13,0.21,1.05
2024-09-20,603909,6.99,6.87,7.02,6.83,15482,10840026.0,2.75,-0.72,-0.05,0.59
2024-09-23,603909,6.89,6.86,6.9,6.78,16721,11671500.0,1.75,-0.15,-0.01,0.64
2024-09-24,603909,6.93,7.07,7.09,6.9,27539,19650391.0,2.77,3.06,0.21,1.06
2024-09-25,603909,7.18,7.17,7.31,7.13,27068,19872477.0,2.55,1.41,0.1,1.04
2024-09-26,603909,7.22,7.33,7.34,7.16,25281,18702155.0,2.51,2.23,0.16,0.97
2024-09-27,603909,7.4,7.64,7.78,7.39,29230,22408703.0,5.32,4.23,0.31,1.12
2024-09-30,603909,7.94,8.32,8.38,7.7,65408,53566838.0,8.9,8.9,0.68,2.51
2024-10-08,603909,9.16,8.64,9.16,8.1,71045,62099657.0,12.74,3.85,0.32,2.73
2024-10-09,603909,8.43,7.96,8.47,7.89,55834,45983226.0,6.71,-7.87,-0.68,2.14
2024-10-10,603909,7.99,8.15,8.42,7.9,37875,31320126.0,6.53,2.39,0.19,1.45
2024-10-11,603909,8.07,7.83,8.19,7.79,27866,22502141.0,4.91,-3.93,-0.32,1.07
2024-10-14,603909,7.98,8.04,8.13,7.89,26133,21307009.0,3.07,2.68,0.21,1.0
2024-10-15,603909,8.7,8.86,8.86,8.68,43207,38767475.0,2.24,10.2,0.82,1.66
2024-10-16,603909,8.88,8.88,9.51,8.58,164585,151492057.0,10.5,0.23,0.02,6.31
2024-10-17,603909,9.01,8.91,9.36,8.82,111258,102806651.0,6.08,0.34,0.03,4.27
2024-10-18,603909,8.87,8.89,8.91,8.53,81581,71700834.0,4.26,-0.22,-0.02,3.13
2024-10-21,603909,8.83,9.79,9.79,8.56,127344,117576891.0,13.84,10.12,0.9,4.89
2024-10-22,603909,9.2,9.33,9.48,9.11,90736,85407105.0,3.78,-4.7,-0.46,3.48
2024-10-23,603909,9.28,9.04,9.3,8.94,53289,48991632.0,3.86,-3.11,-0.29,2.04
2024-10-24,603909,9.03,9.17,9.28,8.89,51633,47735500.0,4.31,1.44,0.13,1.98
2024-10-25,603909,9.18,9.13,9.28,9.07,42855,39711000.0,2.29,-0.44,-0.04,1.64
2024-10-28,603909,9.05,9.21,9.43,9.03,51657,48168791.0,4.38,0.88,0.08,1.98
2024-10-29,603909,9.18,9.22,9.41,8.94,59181,54931291.0,5.1,0.11,0.01,2.27
2024-10-30,603909,9.16,9.03,9.18,8.95,37003,33873579.0,2.49,-2.06,-0.19,1.42
2024-10-31,603909,8.96,8.97,9.13,8.95,41995,38334625.0,1.99,-0.66,-0.06,1.61
2024-11-01,603909,8.96,8.87,9.13,8.81,45244,41164475.0,3.57,-1.11,-0.1,1.74
2024-11-04,603909,8.81,8.92,9.0,8.69,23048,20735315.0,3.49,0.56,0.05,0.88
2024-11-05,603909,8.97,9.0,9.08,8.91,29751,27127670.0,1.91,0.9,0.08,1.14
2024-11-06,603909,9.01,9.06,9.17,8.89,27401,25135361.0,3.11,0.67,0.06,1.05
2024-11-07,603909,9.06,9.42,9.43,8.96,49572,46687288.0,5.19,3.97,0.36,1.9
2024-11-08,603909,9.42,9.48,9.54,9.26,45493,43319903.0,2.97,0.64,0.06,1.75
2024-11-11,603909,9.4,9.77,9.86,9.33,40314,39213214.0,5.59,3.06,0.29,1.55
2024-11-12,603909,9.77,9.54,9.85,9.44,29859,29090438.0,4.2,-2.35,-0.23,1.15
2024-11-13,603909,9.47,9.58,9.64,9.34,20746,19984557.0,3.14,0.42,0.04,0.8
2024-11-14,603909,9.58,9.29,9.64,9.25,24727,23567314.0,4.07,-3.03,-0.29,0.95
2024-11-15,603909,9.28,9.19,9.5,9.16,21540,20382148.0,3.66,-1.08,-0.1,0.83
2024-11-18,603909,9.19,9.13,9.78,8.88,40171,37772496.0,9.79,-0.65,-0.06,1.54
2024-11-19,603909,9.08,9.26,9.26,8.96,23826,22017156.0,3.29,1.42,0.13,0.91
2024-11-20,603909,9.21,9.35,9.42,9.14,21817,20551811.0,3.02,0.97,0.09,0.84
2024-11-21,603909,9.37,9.38,9.51,9.18,18212,17272332.0,3.53,0.32,0.03,0.7
2024-11-22,603909,9.38,9.03,9.51,9.01,24976,23415687.0,5.33,-3.73,-0.35,0.96
2024-11-25,603909,9.13,9.27,9.3,9.03,22621,21062955.0,2.99,2.66,0.24,0.87
2024-11-26,603909,9.28,9.15,9.34,9.11,19516,18215006.0,2.48,-1.29,-0.12,0.75
2024-11-27,603909,9.21,9.22,9.23,8.86,17933,16407098.0,4.04,0.77,0.07,0.69
2024-11-28,603909,9.18,9.32,9.38,9.18,24997,23571596.0,2.17,1.08,0.1,0.96
2024-11-29,603909,9.32,9.47,9.54,9.27,29019,27766825.0,2.9,1.61,0.15,1.11
2024-12-02,603909,9.54,9.53,9.59,9.4,24517,23638516.0,2.01,0.63,0.06,0.94
2024-12-03,603909,9.66,9.5,9.66,9.43,20036,19308781.0,2.41,-0.31,-0.03,0.77
2024-12-04,603909,9.43,9.2,9.5,9.15,22340,21024840.0,3.68,-3.16,-0.3,0.86
2024-12-05,603909,9.21,9.32,9.45,9.17,19176,18141831.0,3.04,1.3,0.12,0.74
2024-12-06,603909,9.43,9.49,9.54,9.36,22556,21622418.0,1.93,1.82,0.17,0.87
2024-12-09,603909,9.48,9.76,9.79,9.39,47758,46803607.0,4.21,2.85,0.27,1.83
2024-12-10,603909,10.02,9.67,10.06,9.6,29310,29054425.0,4.71,-0.92,-0.09,1.12
2024-12-11,603909,9.65,9.73,9.73,9.58,18662,18255121.0,1.55,0.62,0.06,0.72
2024-12-12,603909,9.73,9.95,9.99,9.72,25673,25669893.0,2.77,2.26,0.22,0.98
2024-12-13,603909,10.08,9.66,10.08,9.65,23673,23402349.0,4.32,-2.91,-0.29,0.91
2024-12-16,603909,9.66,9.72,9.82,9.65,20811,20529736.0,1.76,0.62,0.06,0.8
2024-12-17,603909,9.67,9.23,9.8,9.18,24637,23384326.0,6.38,-5.04,-0.49,0.95
2024-12-18,603909,9.18,9.2,9.35,8.93,19188,17817842.0,4.55,-0.33,-0.03,0.74
2024-12-19,603909,9.15,9.12,9.2,8.97,18069,16573610.0,2.5,-0.87,-0.08,0.69
2024-12-20,603909,9.09,9.16,9.33,9.07,16746,15609518.0,2.85,0.44,0.04,0.64
2024-12-23,603909,9.21,8.86,9.26,8.77,37964,34220116.0,5.35,-3.28,-0.3,1.46
2024-12-24,603909,8.82,8.84,9.07,8.7,18348,16516932.0,4.18,-0.23,-0.02,0.7
2024-12-25,603909,8.84,8.59,8.88,8.48,14874,13014667.0,4.52,-2.83,-0.25,0.57
2024-12-26,603909,8.59,8.69,8.72,8.54,11696,10257770.0,2.1,1.16,0.1,0.45
2024-12-27,603909,8.76,8.88,8.94,8.64,15781,14182579.0,3.45,2.19,0.19,0.61
2024-12-30,603909,8.68,9.02,9.38,8.61,26409,23879514.0,8.67,1.58,0.14,1.01
2024-12-31,603909,8.9,9.04,9.13,8.81,30422,27624619.0,3.55,0.22,0.02,1.17
2025-01-02,603909,8.96,8.75,9.03,8.62,26242,23609215.0,4.54,-3.21,-0.29,1.01
2025-01-03,603909,8.7,8.47,8.79,8.33,23349,20321572.0,5.26,-3.2,-0.28,0.9
2025-01-06,603909,8.28,8.38,8.49,8.06,20800,17520235.0,5.08,-1.06,-0.09,0.8
2025-01-07,603909,8.37,8.6,8.64,8.34,14361,12410356.0,3.58,2.63,0.22,0.55
2025-01-08,603909,8.57,8.62,8.69,8.35,14171,12293560.0,3.95,0.23,0.02,0.54
2025-01-09,603909,8.6,8.57,8.81,8.5,11221,9817198.0,3.6,-0.58,-0.05,0.43
2025-01-10,603909,8.56,8.32,8.65,8.25,12282,10550010.0,4.67,-2.92,-0.25,0.47
2025-01-13,603909,8.18,8.23,8.35,7.98,15434,12825713.0,4.45,-1.08,-0.09,0.59
2025-01-14,603909,8.21,8.65,8.73,8.13,18022,15546933.0,7.29,5.1,0.42,0.69
2025-01-15,603909,8.65,8.64,8.75,8.55,12105,10602899.0,2.31,-0.12,-0.01,0.46
2025-01-16,603909,8.64,8.63,8.84,8.59,11920,10523137.0,2.89,-0.12,-0.01,0.46
2025-01-17,603909,8.63,8.68,8.68,8.53,14191,12412441.0,1.74,0.58,0.05,0.54
2025-01-20,603909,8.69,8.83,8.99,8.68,21176,19017312.0,3.57,1.73,0.15,0.81
2025-01-21,603909,8.93,8.72,8.99,8.64,18382,16282084.0,3.96,-1.25,-0.11,0.71
2025-01-22,603909,8.77,8.6,8.77,8.55,13883,12174666.0,2.52,-1.38,-0.12,0.53
2025-01-23,603909,8.64,8.72,8.86,8.64,15797,14056476.0,2.56,1.4,0.12,0.61
2025-01-24,603909,8.76,8.78,8.84,8.61,18295,16215529.0,2.64,0.69,0.06,0.7
2025-01-27,603909,8.86,8.89,9.07,8.8,23701,21464287.0,3.08,1.25,0.11,0.91
2025-02-05,603909,8.84,8.81,8.97,8.74,19732,17689967.0,2.59,-0.9,-0.08,0.76
2025-02-06,603909,8.86,8.87,8.87,8.7,20795,18538472.0,1.93,0.68,0.06,0.8
2025-02-07,603909,8.88,9.0,9.08,8.85,17526,15975197.0,2.59,1.47,0.13,0.67
2025-02-10,603909,8.99,9.17,9.17,8.94,14714,13496540.0,2.56,1.89,0.17,0.56
2025-02-11,603909,9.12,9.08,9.17,8.98,11951,10954622.0,2.07,-0.98,-0.09,0.46
2025-02-12,603909,9.07,9.14,9.27,8.98,16335,15134611.0,3.19,0.66,0.06,0.63
2025-02-13,603909,9.23,8.97,9.26,8.96,16299,14948022.0,3.28,-1.86,-0.17,0.63
2025-02-14,603909,8.89,8.98,9.08,8.88,21162,19225455.0,2.23,0.11,0.01,0.81
2025-02-17,603909,8.93,9.16,9.25,8.93,20096,18583617.0,3.56,2.0,0.18,0.77
2025-02-18,603909,9.08,8.95,9.2,8.9,14913,13677858.0,3.28,-2.29,-0.21,0.57
2025-02-19,603909,9.01,9.09,9.2,8.92,16426,15161787.0,3.13,1.56,0.14,0.63
2025-02-20,603909,9.17,9.05,9.17,8.99,9743,8921956.0,1.98,-0.44,-0.04,0.37
2025-02-21,603909,9.06,8.97,9.08,8.84,18105,16360751.0,2.65,-0.88,-0.08,0.69
2025-02-24,603909,8.93,9.05,9.06,8.88,16614,15101834.0,2.01,0.89,0.08,0.64
2025-02-25,603909,8.96,8.74,9.03,8.69,27132,24188096.0,3.76,-3.43,-0.31,1.04
2025-02-26,603909,8.76,8.86,8.9,8.7,17951,16089614.0,2.29,1.37,0.12,0.69
2025-02-27,603909,8.92,8.88,8.97,8.73,14383,12897786.0,2.71,0.23,0.02,0.55
2025-02-28,603909,8.89,8.87,8.92,8.71,33561,30010549.0,2.36,-0.11,-0.01,1.29
2025-03-03,603909,8.87,8.76,9.02,8.69,33554,30125258.0,3.72,-1.24,-0.11,1.29
2025-03-04,603909,8.77,9.07,9.11,8.67,23396,21136441.0,5.02,3.54,0.31,0.9
2025-03-05,603909,9.06,8.93,9.06,8.86,12599,11398647.0,2.21,-1.54,-0.14,0.48
2025-03-06,603909,8.93,9.13,9.13,8.66,20039,18316738.0,5.26,2.24,0.2,0.77
2025-03-07,603909,9.08,9.04,9.12,8.96,12477,11400820.0,1.75,-0.99,-0.09,0.48
2025-03-10,603909,9.02,9.16,9.25,9.02,16575,15391271.0,2.54,1.33,0.12,0.64
2025-03-11,603909,9.16,9.22,9.24,9.02,14519,13421633.0,2.4,0.66,0.06,0.56
2025-03-12,603909,9.22,9.08,9.34,9.01,22192,20487515.0,3.58,-1.52,-0.14,0.85
2025-03-13,603909,9.09,9.1,9.13,8.92,18663,17033816.0,2.31,0.22,0.02,0.72
2025-03-14,603909,9.07,9.25,9.29,8.96,19464,18061021.0,3.63,1.65,0.15,0.75
2025-03-17,603909,9.33,9.43,9.54,9.25,20864,19851053.0,3.14,1.95,0.18,0.8
2025-03-18,603909,9.46,9.45,9.48,9.33,13937,13267524.0,1.59,0.21,0.02,0.53
2025-03-19,603909,9.45,9.42,9.59,9.35,20854,19941233.0,2.54,-0.32,-0.03,0.8
2025-03-20,603909,9.36,9.38,9.5,9.34,10460,9958692.0,1.7,-0.42,-0.04,0.4
2025-03-21,603909,9.38,9.33,9.47,9.24,17964,17011155.0,2.45,-0.53,-0.05,0.69
2025-03-24,603909,9.18,8.86,9.42,8.79,68152,62440847.0,6.75,-5.04,-0.47,2.61
2025-03-25,603909,8.89,8.74,8.96,8.58,48462,42956798.0,4.29,-1.35,-0.12,1.86
2025-03-26,603909,8.77,8.88,8.96,8.62,30755,27583447.0,3.89,1.6,0.14,1.18
2025-03-27,603909,8.92,8.77,8.98,8.68,28767,25638874.0,3.38,-1.24,-0.11,1.1
2025-03-28,603909,8.73,8.6,8.82,8.56,30724,27005190.0,2.96,-1.94,-0.17,1.18
2025-03-31,603909,8.39,8.43,8.57,8.39,26479,22725258.0,2.09,-1.98,-0.17,1.02
2025-04-01,603909,8.52,8.64,8.83,8.45,27468,24180528.0,4.51,2.49,0.21,1.05
2025-04-02,603909,8.72,8.77,8.84,8.6,21421,19041305.0,2.78,1.5,0.13,0.82
2025-04-03,603909,8.63,8.82,8.86,8.63,16888,15030716.0,2.62,0.57,0.05,0.65
2025-04-07,603909,8.43,7.93,8.48,7.93,33450,27182579.0,6.24,-10.09,-0.89,1.28
2025-04-08,603909,7.92,7.91,8.03,7.65,36804,29335855.0,4.79,-0.25,-0.02,1.41
2025-04-09,603909,7.83,8.16,8.17,7.39,29279,23269625.0,9.86,3.16,0.25,1.12
2025-04-10,603909,8.21,8.38,8.52,8.17,21363,18177651.0,4.29,2.7,0.22,0.82
2025-04-11,603909,8.38,8.29,8.46,8.26,14770,12497259.0,2.39,-1.07,-0.09,0.57
2025-04-14,603909,8.38,8.4,8.54,8.31,15957,13680210.0,2.77,1.33,0.11,0.61
2025-04-15,603909,8.52,8.51,8.58,8.34,14597,12547328.0,2.86,1.31,0.11,0.56
2025-04-16,603909,8.51,8.4,8.57,8.23,13679,11632526.0,4.0,-1.29,-0.11,0.52
2025-04-17,603909,8.43,8.61,8.68,8.35,15883,13846435.0,3.93,2.5,0.21,0.61
2025-04-18,603909,8.66,8.71,8.73,8.54,12222,10717765.0,2.21,1.16,0.1,0.47
2025-04-21,603909,8.72,8.72,8.8,8.57,13999,12344648.0,2.64,0.11,0.01,0.54
2025-04-22,603909,8.76,8.9,8.9,8.66,14101,12550429.0,2.75,2.06,0.18,0.54
2025-04-23,603909,8.97,8.95,9.03,8.77,15455,14006465.0,2.92,0.56,0.05,0.59
2025-04-24,603909,8.89,8.94,9.12,8.82,19499,17712603.0,3.35,-0.11,-0.01,0.75
2025-04-25,603909,8.97,8.84,9.0,8.82,12126,10920435.0,2.01,-1.12,-0.1,0.47
2025-04-28,603909,8.76,8.5,8.78,8.33,29186,25125976.0,5.09,-3.85,-0.34,1.12
2025-04-29,603909,8.54,8.59,8.7,8.41,19355,16852251.0,3.41,1.06,0.09,0.74
2025-04-30,603909,8.67,8.65,8.73,8.56,18545,16232172.0,1.98,0.7,0.06,0.71
2025-05-06,603909,8.67,8.8,8.82,8.66,20019,17797692.0,1.85,1.73,0.15,0.77
2025-05-07,603909,8.92,8.88,8.97,8.74,17442,15704116.0,2.61,0.91,0.08,0.67
2025-05-08,603909,8.86,8.97,8.99,8.78,14739,13311583.0,2.36,1.01,0.09,0.57
2025-05-09,603909,8.99,8.93,9.04,8.9,16107,14612007.0,1.56,-0.45,-0.04,0.62
2025-05-12,603909,8.99,9.02,9.03,8.9,17152,15621165.0,1.46,1.01,0.09,0.66
2025-05-13,603909,9.03,8.92,9.11,8.88,14625,13277761.0,2.55,-1.11,-0.1,0.56
2025-05-14,603909,8.92,8.86,8.97,8.8,17124,15416762.0,1.91,-0.67,-0.06,0.66
2025-05-15,603909,8.95,8.87,8.97,8.8,14083,12684276.0,1.92,0.11,0.01,0.54
2025-05-16,603909,8.9,8.93,9.0,8.86,15434,13990067.0,1.58,0.68,0.06,0.59
2025-05-19,603909,8.97,9.07,9.12,8.93,16358,14988181.0,2.13,1.57,0.14,0.63
2025-05-20,603909,9.11,9.17,9.2,9.01,16028,14808434.0,2.09,1.1,0.1,0.61
2025-05-21,603909,9.2,9.09,9.24,9.04,14197,13110529.0,2.18,-0.87,-0.08,0.54
2025-05-22,603909,9.13,8.94,9.2,8.94,19769,18152005.0,2.86,-1.65,-0.15,0.76
2025-05-23,603909,9.03,8.91,9.12,8.91,17159,15661934.0,2.35,-0.34,-0.03,0.66
2025-05-26,603909,8.86,9.16,9.16,8.86,15957,14665347.0,3.37,2.81,0.25,0.61
2025-05-27,603909,9.18,9.12,9.21,9.0,15992,14762726.0,2.29,-0.44,-0.04,0.61
2025-05-28,603909,9.16,9.03,9.18,8.95,11328,10382604.0,2.52,-0.99,-0.09,0.43
2025-05-29,603909,9.03,9.19,9.26,9.03,11455,10505475.0,2.55,1.77,0.16,0.44
2025-05-30,603909,9.24,9.22,9.27,9.1,15251,14021317.0,1.85,0.33,0.03,0.59
2025-06-03,603909,9.22,9.31,9.35,9.1,21892,20343909.0,2.71,0.98,0.09,0.84
2025-06-04,603909,9.36,9.39,9.49,9.26,13229,12429693.0,2.47,0.86,0.08,0.51
2025-06-05,603909,9.45,9.35,9.45,9.3,10760,10077642.0,1.6,-0.43,-0.04,0.41
2025-06-06,603909,9.35,9.48,9.49,9.29,13486,12704617.0,2.14,1.39,0.13,0.52
2025-06-09,603909,9.48,9.5,9.52,9.41,13378,12678342.0,1.16,0.21,0.02,0.51
2025-06-10,603909,9.49,9.47,9.55,9.34,14938,14138252.0,2.21,-0.32,-0.03,0.57
2025-06-11,603909,9.47,9.43,9.5,9.39,12738,12040897.0,1.16,-0.42,-0.04,0.49
2025-06-12,603909,9.49,9.49,9.49,9.36,10116,9539903.0,1.38,0.64,0.06,0.39
2025-06-13,603909,9.49,9.32,9.5,9.27,11706,10947131.0,2.42,-1.79,-0.17,0.45
2025-06-16,603909,9.43,9.37,9.46,9.26,14911,14002638.0,2.15,0.54,0.05,0.57
2025-06-17,603909,9.42,9.35,9.45,9.25,13018,12157560.0,2.13,-0.21,-0.02,0.5
2025-06-18,603909,9.39,9.21,9.39,9.18,10623,9828550.0,2.25,-1.5,-0.14,0.41
2025-06-19,603909,9.26,8.99,9.3,8.93,21379,19381051.0,4.02,-2.39,-0.22,0.82
2025-06-20,603909,8.97,8.97,9.07,8.92,16350,14689459.0,1.67,-0.22,-0.02,0.63
2025-06-23,603909,8.98,9.1,9.11,8.9,17526,15880837.0,2.34,1.45,0.13,0.67
2025-06-24,603909,9.08,9.46,9.67,9.08,31346,29471866.0,6.48,3.96,0.36,1.2
2025-06-25,603909,9.46,9.6,10.3,9.46,49428,48083048.0,8.88,1.48,0.14,1.9
2025-06-26,603909,9.49,9.56,9.69,9.43,30288,28880931.0,2.71,-0.42,-0.04,1.16
2025-06-27,603909,9.6,9.57,9.8,9.46,27318,26270754.0,3.56,0.1,0.01,1.05
2025-06-30,603909,9.6,9.74,9.75,9.57,23502,22741922.0,1.88,1.78,0.17,0.9
2025-07-01,603909,9.75,9.7,9.77,9.61,17586,17020369.0,1.64,-0.41,-0.04,0.67
2025-07-02,603909,9.78,9.77,9.79,9.59,18663,18143692.0,2.06,0.72,0.07,0.72
2025-07-03,603909,9.77,9.8,9.84,9.71,13245,12943416.0,1.33,0.31,0.03,0.51
2025-07-04,603909,9.81,9.69,9.81,9.62,15263,14830785.0,1.94,-1.12,-0.11,0.59
2025-07-07,603909,9.73,9.82,9.85,9.62,17140,16763322.0,2.37,1.34,0.13,0.66
2025-07-08,603909,9.88,9.96,9.96,9.81,17812,17623144.0,1.53,1.43,0.14,0.68
2025-07-09,603909,9.96,9.93,10.02,9.88,22080,21933168.0,1.41,-0.3,-0.03,0.85
2025-07-10,603909,10.0,10.06,10.09,9.86,19203,19163202.0,2.32,1.31,0.13,0.74
2025-07-11,603909,10.08,10.0,10.15,9.88,20658,20641286.0,2.68,-0.6,-0.06,0.79
2025-07-14,603909,10.03,10.13,10.17,9.97,19147,19328469.0,2.0,1.3,0.13,0.73
2025-07-15,603909,10.15,10.04,10.19,9.95,15802,15865924.0,2.37,-0.89,-0.09,0.61
2025-07-16,603909,10.14,10.12,10.17,10.02,16479,16641722.0,1.49,0.8,0.08,0.63
2025-07-17,603909,10.11,10.07,10.14,10.05,13085,13207671.0,0.89,-0.49,-0.05,0.5
2025-07-18,603909,10.12,10.19,10.21,10.02,13639,13784302.0,1.89,1.19,0.12,0.52
2025-07-21,603909,10.2,10.29,10.38,10.17,25334,26043193.0,2.06,0.98,0.1,0.97
2025-07-22,603909,10.33,10.3,10.39,10.26,22541,23265940.0,1.26,0.1,0.01,0.86
2025-07-23,603909,9.48,10.18,10.33,9.48,32053,32641441.0,8.25,-1.17,-0.12,1.23
2025-07-24,603909,10.18,10.2,10.3,10.01,29972,30580781.0,2.85,0.2,0.02,1.15
2025-07-25,603909,10.2,10.28,10.28,10.13,21646,22121029.0,1.47,0.78,0.08,0.83
2025-07-28,603909,10.25,10.33,10.37,10.2,22140,22803506.0,1.65,0.49,0.05,0.85
2025-07-29,603909,10.33,10.27,10.39,10.18,18931,19468044.0,2.03,-0.58,-0.06,0.73
2025-07-30,603909,10.3,10.23,10.33,10.14,18572,18959691.0,1.85,-0.39,-0.04,0.71
2025-07-31,603909,10.25,10.03,10.33,10.02,18402,18706303.0,3.03,-1.96,-0.2,0.71
2025-08-01,603909,10.08,10.26,10.29,10.06,23422,23932965.0,2.29,2.29,0.23,0.9
2025-08-04,603909,10.22,10.32,10.43,10.16,21984,22712005.0,2.63,0.58,0.06,0.84
2025-08-05,603909,10.37,10.41,10.49,10.33,14826,15419855.0,1.55,0.87,0.09,0.57
2025-08-06,603909,10.41,10.68,10.71,10.27,29319,30717850.0,4.23,2.59,0.27,1.12
2025-08-07,603909,10.69,10.95,11.35,10.6,79426,86576700.0,7.02,2.53,0.27,3.05
2025-08-08,603909,10.64,10.39,10.64,10.02,64178,66598577.0,5.66,-5.11,-0.56,2.46
2025-08-11,603909,10.43,10.72,10.74,10.39,38177,40550113.0,3.37,3.18,0.33,1.46
2025-08-12,603909,10.73,10.62,10.82,10.57,25601,27289674.0,2.33,-0.93,-0.1,0.98
2025-08-13,603909,10.6,10.48,10.65,10.42,25324,26586689.0,2.17,-1.32,-0.14,0.97
2025-08-14,603909,10.5,10.16,10.52,10.16,35899,36926366.0,3.44,-3.05,-0.32,1.38
2025-08-15,603909,10.16,10.2,10.33,10.07,24955,25549919.0,2.56,0.39,0.04,0.96
2025-08-18,603909,10.24,10.18,10.36,10.11,35442,36164622.0,2.45,-0.2,-0.02,1.36
2025-08-19,603909,10.16,10.3,10.34,10.1,23754,24349367.0,2.36,1.18,0.12,0.91
2025-08-20,603909,10.94,11.33,11.33,10.8,201551,226623012.0,5.15,10.0,1.03,7.73
2025-08-21,603909,10.88,10.77,11.1,10.72,155066,168961840.0,3.35,-4.94,-0.56,5.95
2025-08-22,603909,10.77,10.63,10.82,10.55,82457,87880677.0,2.51,-1.3,-0.14,3.16
2025-08-25,603909,10.75,10.99,11.03,10.66,99197,107567213.0,3.48,3.39,0.36,3.81
2025-08-26,603909,10.89,10.75,10.95,10.71,46575,50244971.0,2.18,-2.18,-0.24,1.79
2025-08-27,603909,10.75,10.5,10.83,10.5,48354,51669717.0,3.07,-2.33,-0.25,1.85
2025-08-28,603909,10.48,10.6,10.68,10.2,52659,55056044.0,4.57,0.95,0.1,2.02
2025-08-29,603909,10.65,10.85,11.05,10.57,63803,69254855.0,4.53,2.36,0.25,2.45
2025-09-01,603909,10.85,10.57,10.87,10.51,55121,58897594.0,3.32,-2.58,-0.28,2.11
2025-09-02,603909,10.57,10.66,10.85,10.3,55211,58376581.0,5.2,0.85,0.09,2.12
2025-09-03,603909,10.68,10.33,10.68,10.23,34522,36059594.0,4.22,-3.1,-0.33,1.32
2025-09-04,603909,10.35,10.5,10.9,10.31,43973,46440586.0,5.71,1.65,0.17,1.69
2025-09-05,603909,10.57,10.55,10.65,10.41,28003,29416783.0,2.29,0.48,0.05,1.07
2025-09-08,603909,10.55,10.79,10.88,10.55,30956,33289904.0,3.13,2.27,0.24,1.19
2025-09-09,603909,10.78,10.67,10.92,10.55,22799,24374930.0,3.43,-1.11,-0.12,0.87
2025-09-10,603909,10.55,10.85,10.91,10.55,27579,29764480.0,3.37,1.69,0.18,1.06
2025-09-11,603909,10.82,10.86,10.89,10.4,25887,27991683.0,4.52,0.09,0.01,0.99
2025-09-12,603909,10.89,10.73,11.27,10.72,31698,34568193.0,5.06,-1.2,-0.13,1.22
2025-09-15,603909,10.78,10.91,10.93,10.71,31910,34632270.0,2.05,1.68,0.18,1.22
2025-09-16,603909,10.88,10.96,11.0,10.8,26642,29131598.0,1.83,0.46,0.05,1.02
2025-09-17,603909,10.98,10.94,11.08,10.85,26089,28597536.0,2.1,-0.18,-0.02,1.0
2025-09-18,603909,10.91,10.74,10.99,10.62,28091,30419035.0,3.38,-1.83,-0.2,1.08
2025-09-19,603909,10.8,10.66,10.94,10.53,29011,30923035.0,3.82,-0.74,-0.08,1.11
2025-09-22,603909,10.66,10.56,10.66,10.15,20343,21368095.0,4.78,-0.94,-0.1,0.78
2025-09-23,603909,10.59,10.42,10.6,9.75,29832,30614953.0,8.05,-1.33,-0.14,1.14
2025-09-24,603909,10.47,10.59,10.59,10.21,26515,27863105.0,3.65,1.63,0.17,1.02
2025-09-25,603909,10.59,10.42,10.75,10.38,21700,22877473.0,3.49,-1.61,-0.17,0.83
2025-09-26,603909,10.48,10.52,10.69,10.28,20515,21628009.0,3.93,0.96,0.1,0.79
2025-09-29,603909,10.54,10.61,10.67,10.33,23416,24708504.0,3.23,0.86,0.09,0.9
2025-09-30,603909,10.66,10.61,10.72,10.56,14736,15666101.0,1.51,0.0,0.0,0.57
2025-10-09,603909,10.61,10.49,10.71,10.42,22408,23595814.0,2.73,-1.13,-0.12,0.86
2025-10-10,603909,10.44,10.71,10.79,10.42,33295,35620303.0,3.53,2.1,0.22,1.28
2025-10-13,603909,10.52,10.7,10.8,10.01,40475,43094103.0,7.38,-0.09,-0.01,1.55
2025-10-14,603909,10.87,10.9,10.92,10.71,29546,32064183.0,1.96,1.87,0.2,1.13
2025-10-15,603909,10.94,11.19,11.19,10.75,47192,52189932.0,4.04,2.66,0.29,1.81
2025-10-16,603909,11.16,11.04,11.24,10.93,35879,39645162.0,2.77,-1.34,-0.15,1.38
2025-10-17,603909,11.05,11.08,11.2,10.84,39569,43760274.0,3.26,0.36,0.04,1.52
2025-10-20,603909,11.07,11.21,11.26,11.0,36063,40268240.0,2.35,1.17,0.13,1.38
2025-10-21,603909,11.21,11.51,11.51,11.05,37448,42622510.0,4.1,2.68,0.3,1.44
2025-10-22,603909,11.45,11.49,11.8,11.39,38687,44656429.0,3.56,-0.17,-0.02,1.48
2025-10-23,603909,11.48,11.66,11.7,11.37,32949,38070396.0,2.87,1.48,0.17,1.26
2025-10-24,603909,11.61,11.78,11.94,11.56,42073,49463680.0,3.26,1.03,0.12,1.61
2025-10-27,603909,11.52,11.32,11.61,11.05,57856,65259662.0,4.75,-3.9,-0.46,2.22
2025-10-28,603909,11.32,12.02,12.45,11.2,168009,201041742.0,11.04,6.18,0.7,6.45
2025-10-29,603909,11.55,11.39,11.76,11.2,135658,154758998.0,4.66,-5.24,-0.63,5.2
2025-10-30,603909,11.37,12.53,12.53,11.3,81848,100576042.0,10.8,10.01,1.14,3.14
2025-10-31,603909,12.9,12.06,13.44,11.9,237910,294954797.0,12.29,-3.75,-0.47,9.13
2025-11-03,603909,11.96,12.41,12.64,11.96,183157,224470181.0,5.64,2.9,0.35,7.03
2025-11-04,603909,12.15,13.0,13.25,12.03,211861,270976044.0,9.83,4.75,0.59,8.13
2025-11-05,603909,12.55,13.01,13.02,12.44,165486,209823404.0,4.46,0.08,0.01,6.35
2025-11-06,603909,12.61,12.36,12.76,12.2,128184,158025445.0,4.3,-5.0,-0.65,4.92
2025-11-07,603909,12.39,11.94,12.39,11.81,98794,118359065.0,4.69,-3.4,-0.42,3.79
2025-11-10,603909,11.85,11.73,11.9,11.6,71438,83546007.0,2.51,-1.76,-0.21,2.74
2025-11-11,603909,11.7,11.59,11.8,11.55,57279,66638961.0,2.13,-1.19,-0.14,2.2
2025-11-12,603909,11.6,11.76,11.76,11.55,58769,68606332.0,1.81,1.47,0.17,2.25
2025-11-13,603909,11.6,11.82,11.98,11.48,65829,77289413.0,4.25,0.51,0.06,2.53
2025-11-14,603909,11.71,12.29,12.6,11.69,114487,140013160.0,7.7,3.98,0.47,4.39
2025-11-17,603909,12.22,13.52,13.52,12.22,174756,231539674.0,10.58,10.01,1.23,6.7
2025-11-18,603909,14.0,13.0,14.87,12.85,299900,408143267.0,14.94,-3.85,-0.52,11.5
2025-11-19,603909,13.0,13.58,14.29,12.74,227926,304794502.0,11.92,4.46,0.58,8.74
2025-11-20,603909,13.59,13.17,13.72,12.69,159540,207814612.0,7.58,-3.02,-0.41,6.12
2025-11-21,603909,12.8,11.9,13.55,11.9,162476,202916610.0,12.53,-9.64,-1.27,6.23
2025-11-24,603909,12.15,12.18,12.81,11.82,124023,150769950.0,8.32,2.35,0.28,4.76
2025-11-25,603909,12.31,12.52,12.8,11.84,138465,170800296.0,7.88,2.79,0.34,5.31
2025-11-26,603909,12.72,12.28,13.2,12.23,125715,158681249.0,7.75,-1.92,-0.24,4.82
2025-11-27,603909,12.55,11.74,12.55,11.66,112975,134035076.0,7.25,-4.4,-0.54,4.33
2025-11-28,603909,11.78,12.91,12.91,11.65,125528,156010336.0,10.73,9.97,1.17,4.82
2025-12-01,603909,13.2,12.75,13.3,12.62,147350,188934213.0,5.27,-1.24,-0.16,5.65
2025-12-02,603909,13.05,13.0,13.14,12.65,133654,172612474.0,3.84,1.96,0.25,5.13
2025-12-03,603909,12.98,13.1,13.49,12.69,190992,250598005.0,6.15,0.77,0.1,7.33
2025-12-04,603909,13.0,13.13,13.87,12.93,199741,266157906.0,7.18,0.23,0.03,7.66
2025-12-05,603909,12.84,13.64,13.78,12.78,255812,342706518.0,7.62,3.88,0.51,9.81
2025-12-08,603909,13.38,14.1,14.25,13.34,305766,420142663.0,6.67,3.37,0.46,11.73
2025-12-09,603909,14.0,13.76,14.31,13.5,207991,287433623.0,5.74,-2.41,-0.34,7.98
2025-12-10,603909,13.64,13.59,13.98,13.36,173645,237312445.0,4.51,-1.24,-0.17,6.66
2025-12-11,603909,13.54,12.72,13.54,12.67,137681,177628586.0,6.4,-6.4,-0.87,5.28
2025-12-12,603909,12.79,12.35,12.79,12.31,105587,131766089.0,3.77,-2.91,-0.37,4.05
2025-12-15,603909,12.22,12.37,12.48,12.04,71298,87657403.0,3.56,0.16,0.02,2.74
2025-12-16,603909,12.23,11.57,12.25,11.44,93991,110013600.0,6.55,-6.47,-0.8,3.61
2025-12-17,603909,11.38,11.29,11.54,11.1,77780,87439990.0,3.8,-2.42,-0.28,2.98
2025-12-18,603909,11.25,11.26,11.45,11.13,50718,57523161.0,2.83,-0.27,-0.03,1.95
2025-12-19,603909,11.26,11.64,11.7,11.25,52655,60684435.0,4.0,3.37,0.38,2.02
2025-12-22,603909,11.64,11.58,11.82,11.5,47536,55304049.0,2.75,-0.52,-0.06,1.82
2025-12-23,603909,11.51,11.68,11.85,11.39,63981,74452558.0,3.97,0.86,0.1,2.45
2025-12-24,603909,11.78,11.89,12.2,11.68,75177,89754031.0,4.45,1.8,0.21,2.88
2025-12-25,603909,11.87,11.84,12.0,11.72,50405,59726813.0,2.35,-0.42,-0.05,1.93
2025-12-26,603909,11.81,11.72,11.89,11.6,50193,59062806.0,2.45,-1.01,-0.12,1.93
2025-12-29,603909,11.77,11.59,11.79,11.5,41558,48241459.0,2.47,-1.11,-0.13,1.59
2025-12-30,603909,11.5,11.45,11.61,11.37,41758,48014488.0,2.07,-1.21,-0.14,1.6
2025-12-31,603909,11.45,11.29,11.53,11.23,43726,49431052.0,2.62,-1.4,-0.16,1.68
2026-01-05,603909,11.35,11.33,11.57,11.31,47643,54394973.0,2.3,0.35,0.04,1.83
2026-01-06,603909,11.39,11.22,11.4,11.1,58670,66016851.0,2.65,-0.97,-0.11,2.25
2026-01-07,603909,11.23,11.29,11.4,11.12,54451,61196685.0,2.5,0.62,0.07,2.09
2026-01-08,603909,11.28,11.44,11.48,11.18,45814,51976990.0,2.66,1.33,0.15,1.76
2026-01-09,603909,11.48,11.53,11.61,11.39,49075,56358698.0,1.92,0.79,0.09,1.88
2026-01-12,603909,11.58,11.58,11.73,11.45,57404,66391973.0,2.43,0.43,0.05,2.2
2026-01-13,603909,11.58,11.52,11.69,11.51,48643,56422709.0,1.55,-0.52,-0.06,1.87
2026-01-14,603909,11.57,11.52,11.67,11.38,44223,50920910.0,2.52,0.0,0.0,1.7
2026-01-15,603909,11.44,11.53,11.56,11.3,32738,37470888.0,2.26,0.09,0.01,1.26
2026-01-16,603909,11.59,11.42,11.59,11.4,30121,34557689.0,1.65,-0.95,-0.11,1.16
2026-01-19,603909,11.55,11.69,11.69,11.43,39572,45944960.0,2.28,2.36,0.27,1.52
2026-01-20,603909,11.69,11.78,11.78,11.6,30190,35284415.0,1.54,0.77,0.09,1.16
2026-01-21,603909,11.68,11.65,11.76,11.57,26376,30736312.0,1.61,-1.1,-0.13,1.01
2026-01-22,603909,11.66,11.84,11.86,11.66,32326,38103868.0,1.72,1.63,0.19,1.24
2026-01-23,603909,11.84,11.81,11.85,11.73,26639,31392430.0,1.01,-0.25,-0.03,1.02
2026-01-26,603909,11.81,11.65,11.87,11.54,39012,45582013.0,2.79,-1.35,-0.16,1.5
2026-01-27,603909,11.6,11.5,11.67,11.21,3850200,43959300.0,3.95,-1.29,-0.15,0.0
2026-01-28,603909,11.53,11.46,11.64,11.41,1561100,17958962.0,2.0,-0.35,-0.04,0.0
2026-01-29,603909,11.39,11.39,11.59,11.23,26762,30570256.0,3.16,-0.18,-0.02,1.03
2026-01-30,603909,11.39,11.57,11.63,11.31,39989,46008888.0,2.81,1.58,0.18,1.53
2026-02-02,603909,11.56,11.44,11.73,11.4,35402,41055644.0,2.85,-1.12,-0.13,1.36
2026-02-03,603909,11.5,11.42,11.55,11.28,28879,32905002.0,2.36,-0.17,-0.02,1.11
2026-02-04,603909,11.41,11.58,11.6,11.29,26274,30237702.0,2.71,1.4,0.16,1.01
2026-02-05,603909,11.62,11.65,11.82,11.49,44522,52174576.0,2.85,0.6,0.07,1.71
2026-02-06,603909,11.69,11.59,11.93,11.59,44284,51990552.0,2.92,-0.52,-0.06,1.7
2026-02-09,603909,11.69,11.74,11.82,11.66,37979,44685224.0,1.38,1.29,0.15,1.46
2026-02-10,603909,11.79,11.72,11.79,11.68,19338,22701520.0,0.94,-0.17,-0.02,0.74
2026-02-11,603909,11.78,11.67,11.78,11.62,16808,19659676.0,1.37,-0.43,-0.05,0.64
2026-02-12,603909,11.68,11.53,11.7,11.49,20695,23963312.0,1.8,-1.2,-0.14,0.79
2026-02-13,603909,11.58,11.58,11.76,11.47,26295,30616402.0,2.52,0.43,0.05,1.01
2026-02-24,603909,11.64,11.93,11.95,11.64,29867,35416848.0,2.68,3.02,0.35,1.15
2026-02-25,603909,11.95,11.87,11.98,11.83,27843,33139620.0,1.26,-0.5,-0.06,1.07
2026-02-26,603909,11.87,11.9,11.96,11.84,25276,30052008.0,1.01,0.25,0.03,0.97
2026-02-27,603909,11.91,11.93,12.04,11.77,31129,37015648.0,2.27,0.25,0.03,1.19
2026-03-02,603909,11.79,11.41,11.79,11.28,55230,63273184.0,4.27,-4.36,-0.52,2.12
2026-03-03,603909,11.39,11.3,11.65,11.3,45343,52205504.0,3.07,-0.96,-0.11,1.74
2026-03-04,603909,11.25,11.21,11.35,10.95,41757,46571772.0,3.54,-0.8,-0.09,1.6
2026-03-05,603909,11.3,11.18,11.42,11.1,22274,25086644.0,2.85,-0.27,-0.03,0.85
2026-03-06,603909,11.13,11.76,11.78,11.05,39012,45210700.0,6.53,5.19,0.58,1.5
2026-03-09,603909,11.55,11.47,11.64,11.42,40331,46367352.0,1.87,-2.47,-0.29,1.55
2026-03-10,603909,11.55,11.83,11.87,11.51,34566,40704380.0,3.14,3.14,0.36,1.33
2026-03-11,603909,11.85,11.75,11.9,11.66,23076,27181388.0,2.03,-0.68,-0.08,0.89
2026-03-12,603909,11.8,11.57,11.8,11.53,18924,21995018.0,2.3,-1.53,-0.18,0.73
2026-03-13,603909,11.57,11.69,11.78,11.49,17741,20706544.0,2.51,1.04,0.12,0.68
2026-03-16,603909,11.55,11.69,11.85,11.55,27919,32580358.0,2.57,0.0,0.0,1.07
2026-03-17,603909,11.64,11.52,11.82,11.49,20182,23546068.0,2.82,-1.45,-0.17,0.77
2026-03-18,603909,11.52,11.71,11.73,11.38,26636,30763262.0,3.04,1.65,0.19,1.02
2026-03-19,603909,11.62,11.31,11.72,11.23,23184,26451134.0,4.18,-3.42,-0.4,0.89
2026-03-20,603909,11.3,10.92,11.43,10.89,35443,39342828.0,4.77,-3.45,-0.39,1.36
2026-03-23,603909,10.71,10.0,10.77,9.85,57449,58820132.0,8.42,-8.42,-0.92,2.2
2026-03-24,603909,10.29,10.6,10.65,10.11,59157,61427580.0,5.4,6.0,0.6,2.27
2026-03-25,603909,10.51,11.17,11.33,10.43,69023,75027680.0,8.49,5.38,0.57,2.65
2026-03-26,603909,11.15,10.75,11.29,10.55,58701,63906836.0,6.62,-3.76,-0.42,2.25
2026-03-27,603909,10.65,11.04,11.18,10.53,42758,46769060.0,6.05,2.7,0.29,1.64
2026-03-30,603909,11.0,11.65,11.77,10.91,82224,93935632.0,7.79,5.53,0.61,3.15
2026-03-31,603909,11.66,11.43,11.84,11.3,51449,59695720.0,4.64,-1.89,-0.22,1.97
2026-04-01,603909,11.63,11.22,11.7,11.12,46537,52698632.0,5.07,-1.84,-0.21,1.79
2026-04-02,603909,11.19,11.09,11.28,10.87,40754,45155144.0,3.65,-1.16,-0.13,1.56
2026-04-03,603909,11.12,10.67,11.12,10.53,46326,49827840.0,5.32,-3.79,-0.42,1.78
2026-04-07,603909,10.63,10.95,11.14,10.63,40182,43896372.0,4.78,2.62,0.28,1.54
2026-04-08,603909,11.25,11.62,11.64,11.2,42291,48287176.0,4.02,6.12,0.67,1.62
2026-04-09,603909,11.57,12.32,12.46,11.41,183304,218474368.0,9.04,6.02,0.7,7.03
2026-04-10,603909,12.27,12.39,12.73,12.15,184515,230822432.0,4.71,0.57,0.07,7.08
2026-04-13,603909,12.48,12.41,12.7,11.86,158321,194506304.0,6.78,0.16,0.02,6.07
2026-04-14,603909,12.41,12.93,12.96,12.38,159637,202894592.0,4.67,4.19,0.52,6.12
2026-04-15,603909,13.16,13.27,13.57,12.98,152788,203724720.0,4.56,2.63,0.34,5.86
2026-04-16,603909,13.46,13.48,13.8,13.17,165520,222803152.0,4.75,1.58,0.21,6.35
2026-04-17,603909,13.62,13.55,13.76,13.3,147214,199929840.0,3.41,0.52,0.07,5.65
2026-04-20,603909,13.7,13.96,13.98,13.15,148620,203418976.0,6.13,3.03,0.41,5.7
2026-04-21,603909,14.08,13.2,14.1,13.2,134621,181845904.0,6.45,-5.44,-0.76,5.16
2026-04-22,603909,13.23,12.23,13.49,12.12,155792,194325424.0,10.38,-7.35,-0.97,5.98
2026-04-23,603909,12.4,11.74,12.4,11.66,101554,120736280.0,6.05,-4.01,-0.49,3.9
2026-04-24,603909,11.62,11.59,11.86,11.4,60353,69817408.0,3.92,-1.28,-0.15,2.32
2026-04-27,603909,11.51,11.76,11.8,11.05,62253,71151288.0,6.47,1.47,0.17,2.39
2026-04-28,603909,11.8,12.04,12.26,11.69,76243,91677928.0,4.85,2.38,0.28,2.92
2026-04-29,603909,11.92,12.28,12.53,11.87,59925,73570536.0,5.48,1.99,0.24,2.3
2026-04-30,603909,12.28,12.15,12.5,12.1,49982,61272176.0,3.26,-1.06,-0.13,1.92
